#tstp   Ax    Ay
-1  0  0
0  -0.0304916  0.0439883
1  -0.03099  0.0444694
2  -0.0314953  0.0449544
3  -0.0320077  0.0454436
4  -0.0325272  0.0459368
5  -0.0330539  0.0464341
6  -0.033588  0.0469355
7  -0.0341294  0.047441
8  -0.0346783  0.0479506
9  -0.0352347  0.0484643
10  -0.0357988  0.0489822
11  -0.0363706  0.0495043
12  -0.0369502  0.0500306
13  -0.0375377  0.050561
14  -0.0381331  0.0510957
15  -0.0387367  0.0516346
16  -0.0393484  0.0521777
17  -0.0399684  0.052725
18  -0.0405967  0.0532766
19  -0.0412334  0.0538325
20  -0.0418786  0.0543927
21  -0.0425325  0.0549571
22  -0.0431951  0.0555259
23  -0.0438665  0.0560989
24  -0.0445467  0.0566763
25  -0.045236  0.057258
26  -0.0459344  0.0578441
27  -0.0466419  0.0584345
28  -0.0473588  0.0590292
29  -0.048085  0.0596284
30  -0.0488207  0.0602319
31  -0.049566  0.0608398
32  -0.0503209  0.061452
33  -0.0510857  0.0620687
34  -0.0518603  0.0626897
35  -0.0526449  0.0633152
36  -0.0534396  0.0639451
37  -0.0542445  0.0645794
38  -0.0550597  0.0652181
39  -0.0558853  0.0658613
40  -0.0567214  0.0665088
41  -0.0575681  0.0671608
42  -0.0584256  0.0678173
43  -0.0592938  0.0684781
44  -0.0601731  0.0691434
45  -0.0610633  0.0698132
46  -0.0619648  0.0704874
47  -0.0628775  0.071166
48  -0.0638015  0.071849
49  -0.0647371  0.0725365
50  -0.0656843  0.0732285
51  -0.0666432  0.0739248
52  -0.067614  0.0746256
53  -0.0685967  0.0753308
54  -0.0695914  0.0760405
55  -0.0705984  0.0767546
56  -0.0716177  0.077473
57  -0.0726493  0.0781959
58  -0.0736935  0.0789232
59  -0.0747504  0.0796549
60  -0.0758201  0.080391
61  -0.0769026  0.0811314
62  -0.0779982  0.0818763
63  -0.0791069  0.0826255
64  -0.0802289  0.083379
65  -0.0813642  0.0841369
66  -0.0825131  0.0848991
67  -0.0836756  0.0856656
68  -0.0848519  0.0864365
69  -0.086042  0.0872116
70  -0.0872462  0.087991
71  -0.0884645  0.0887747
72  -0.0896971  0.0895626
73  -0.0909441  0.0903548
74  -0.0922056  0.0911512
75  -0.0934818  0.0919517
76  -0.0947727  0.0927565
77  -0.0960786  0.0935654
78  -0.0973995  0.0943785
79  -0.0987356  0.0951956
80  -0.100087  0.0960169
81  -0.101454  0.0968423
82  -0.102836  0.0976717
83  -0.104235  0.0985051
84  -0.105649  0.0993425
85  -0.107079  0.100184
86  -0.108525  0.101029
87  -0.109987  0.101879
88  -0.111466  0.102732
89  -0.112961  0.103589
90  -0.114473  0.10445
91  -0.116002  0.105314
92  -0.117548  0.106183
93  -0.119111  0.107055
94  -0.120691  0.107931
95  -0.122289  0.108811
96  -0.123904  0.109694
97  -0.125536  0.110581
98  -0.127187  0.111471
99  -0.128855  0.112365
100  -0.130542  0.113262
101  -0.132247  0.114163
102  -0.13397  0.115067
103  -0.135712  0.115975
104  -0.137472  0.116886
105  -0.139251  0.1178
106  -0.14105  0.118718
107  -0.142867  0.119638
108  -0.144704  0.120562
109  -0.14656  0.121489
110  -0.148435  0.122419
111  -0.150331  0.123352
112  -0.152246  0.124288
113  -0.154181  0.125226
114  -0.156136  0.126168
115  -0.158112  0.127112
116  -0.160108  0.128059
117  -0.162125  0.129009
118  -0.164162  0.129961
119  -0.166221  0.130916
120  -0.1683  0.131873
121  -0.170401  0.132833
122  -0.172523  0.133795
123  -0.174666  0.13476
124  -0.176832  0.135726
125  -0.179019  0.136695
126  -0.181228  0.137666
127  -0.183459  0.138639
128  -0.185713  0.139614
129  -0.187989  0.140591
130  -0.190287  0.141569
131  -0.192609  0.14255
132  -0.194953  0.143532
133  -0.19732  0.144515
134  -0.199711  0.1455
135  -0.202125  0.146487
136  -0.204563  0.147475
137  -0.207024  0.148464
138  -0.209509  0.149454
139  -0.212018  0.150445
140  -0.214551  0.151438
141  -0.217109  0.152431
142  -0.219691  0.153426
143  -0.222297  0.154421
144  -0.224929  0.155416
145  -0.227585  0.156412
146  -0.230267  0.157409
147  -0.232974  0.158406
148  -0.235706  0.159404
149  -0.238463  0.160401
150  -0.241247  0.161399
151  -0.244056  0.162397
152  -0.246892  0.163394
153  -0.249753  0.164391
154  -0.252641  0.165388
155  -0.255555  0.166385
156  -0.258497  0.167381
157  -0.261464  0.168377
158  -0.264459  0.169371
159  -0.267481  0.170365
160  -0.27053  0.171358
161  -0.273607  0.17235
162  -0.276711  0.17334
163  -0.279843  0.17433
164  -0.283003  0.175318
165  -0.286191  0.176304
166  -0.289407  0.177288
167  -0.292652  0.178271
168  -0.295925  0.179252
169  -0.299226  0.180231
170  -0.302557  0.181208
171  -0.305916  0.182182
172  -0.309305  0.183154
173  -0.312723  0.184123
174  -0.31617  0.18509
175  -0.319646  0.186054
176  -0.323153  0.187014
177  -0.326689  0.187972
178  -0.330255  0.188927
179  -0.333852  0.189878
180  -0.337478  0.190825
181  -0.341135  0.191769
182  -0.344823  0.192709
183  -0.348541  0.193645
184  -0.352291  0.194577
185  -0.356071  0.195505
186  -0.359882  0.196428
187  -0.363725  0.197347
188  -0.367599  0.198261
189  -0.371505  0.19917
190  -0.375442  0.200074
191  -0.379411  0.200973
192  -0.383413  0.201866
193  -0.387446  0.202754
194  -0.391512  0.203636
195  -0.39561  0.204513
196  -0.39974  0.205383
197  -0.403903  0.206247
198  -0.408099  0.207105
199  -0.412328  0.207957
200  -0.41659  0.208801
201  -0.420885  0.209639
202  -0.425213  0.21047
203  -0.429575  0.211293
204  -0.43397  0.212109
205  -0.438399  0.212917
206  -0.442862  0.213718
207  -0.447359  0.214511
208  -0.451889  0.215295
209  -0.456454  0.216072
210  -0.461053  0.216839
211  -0.465687  0.217598
212  -0.470355  0.218349
213  -0.475057  0.21909
214  -0.479795  0.219821
215  -0.484567  0.220544
216  -0.489374  0.221256
217  -0.494216  0.221959
218  -0.499094  0.222652
219  -0.504006  0.223334
220  -0.508954  0.224006
221  -0.513938  0.224667
222  -0.518957  0.225318
223  -0.524012  0.225957
224  -0.529102  0.226585
225  -0.534229  0.227201
226  -0.539391  0.227806
227  -0.544589  0.228399
228  -0.549824  0.228979
229  -0.555095  0.229547
230  -0.560402  0.230103
231  -0.565745  0.230646
232  -0.571125  0.231176
233  -0.576542  0.231692
234  -0.581995  0.232195
235  -0.587485  0.232685
236  -0.593011  0.23316
237  -0.598575  0.233621
238  -0.604176  0.234068
239  -0.609813  0.234501
240  -0.615488  0.234918
241  -0.6212  0.23532
242  -0.626949  0.235708
243  -0.632735  0.236079
244  -0.638559  0.236435
245  -0.64442  0.236775
246  -0.650318  0.237098
247  -0.656254  0.237405
248  -0.662228  0.237696
249  -0.668239  0.237969
250  -0.674288  0.238225
251  -0.680374  0.238464
252  -0.686499  0.238685
253  -0.692661  0.238888
254  -0.69886  0.239073
255  -0.705098  0.239239
256  -0.711374  0.239387
257  -0.717687  0.239516
258  -0.724039  0.239625
259  -0.730428  0.239715
260  -0.736856  0.239786
261  -0.743321  0.239836
262  -0.749825  0.239866
263  -0.756366  0.239876
264  -0.762946  0.239865
265  -0.769564  0.239833
266  -0.776219  0.23978
267  -0.782913  0.239705
268  -0.789645  0.239609
269  -0.796415  0.23949
270  -0.803223  0.239349
271  -0.81007  0.239186
272  -0.816954  0.238999
273  -0.823876  0.23879
274  -0.830836  0.238557
275  -0.837835  0.238301
276  -0.844871  0.238021
277  -0.851946  0.237717
278  -0.859058  0.237388
279  -0.866208  0.237034
280  -0.873396  0.236656
281  -0.880622  0.236252
282  -0.887886  0.235823
283  -0.895188  0.235368
284  -0.902527  0.234886
285  -0.909904  0.234379
286  -0.917319  0.233845
287  -0.924771  0.233284
288  -0.932261  0.232696
289  -0.939788  0.23208
290  -0.947353  0.231437
291  -0.954955  0.230766
292  -0.962594  0.230066
293  -0.970271  0.229338
294  -0.977984  0.228581
295  -0.985735  0.227795
296  -0.993523  0.22698
297  -1.00135  0.226135
298  -1.00921  0.22526
299  -1.01711  0.224354
300  -1.02504  0.223419
301  -1.03301  0.222452
302  -1.04102  0.221455
303  -1.04906  0.220426
304  -1.05714  0.219365
305  -1.06526  0.218273
306  -1.07341  0.217149
307  -1.0816  0.215992
308  -1.08982  0.214802
309  -1.09808  0.213579
310  -1.10638  0.212323
311  -1.11471  0.211034
312  -1.12307  0.20971
313  -1.13147  0.208353
314  -1.13991  0.206961
315  -1.14838  0.205535
316  -1.15688  0.204073
317  -1.16542  0.202576
318  -1.17399  0.201044
319  -1.1826  0.199476
320  -1.19124  0.197872
321  -1.19992  0.196232
322  -1.20863  0.194555
323  -1.21737  0.192841
324  -1.22615  0.19109
325  -1.23495  0.189301
326  -1.2438  0.187475
327  -1.25267  0.185611
328  -1.26158  0.183709
329  -1.27052  0.181768
330  -1.27949  0.179788
331  -1.28849  0.177769
332  -1.29752  0.175711
333  -1.30659  0.173614
334  -1.31569  0.171476
335  -1.32482  0.169299
336  -1.33398  0.167081
337  -1.34317  0.164822
338  -1.35239  0.162523
339  -1.36164  0.160182
340  -1.37092  0.1578
341  -1.38023  0.155376
342  -1.38957  0.152911
343  -1.39893  0.150403
344  -1.40833  0.147852
345  -1.41776  0.145259
346  -1.42721  0.142623
347  -1.43669  0.139944
348  -1.4462  0.137222
349  -1.45574  0.134455
350  -1.4653  0.131645
351  -1.4749  0.12879
352  -1.48451  0.125891
353  -1.49416  0.122948
354  -1.50383  0.119959
355  -1.51353  0.116925
356  -1.52325  0.113846
357  -1.53299  0.110722
358  -1.54277  0.107551
359  -1.55256  0.104334
360  -1.56238  0.101071
361  -1.57223  0.0977617
362  -1.5821  0.0944053
363  -1.59199  0.091002
364  -1.6019  0.0875514
365  -1.61184  0.0840533
366  -1.6218  0.0805076
367  -1.63178  0.0769141
368  -1.64178  0.0732724
369  -1.65181  0.0695824
370  -1.66185  0.065844
371  -1.67192  0.0620568
372  -1.682  0.0582207
373  -1.69211  0.0543354
374  -1.70223  0.0504009
375  -1.71237  0.0464168
376  -1.72254  0.042383
377  -1.73272  0.0382993
378  -1.74291  0.0341655
379  -1.75313  0.0299815
380  -1.76336  0.0257469
381  -1.77361  0.0214618
382  -1.78388  0.0171257
383  -1.79416  0.0127387
384  -1.80445  0.00830055
385  -1.81476  0.00381101
386  -1.82509  -0.000730036
387  -1.83543  -0.00532276
388  -1.84578  -0.00996733
389  -1.85615  -0.0146639
390  -1.86653  -0.0194126
391  -1.87693  -0.0242137
392  -1.88733  -0.0290671
393  -1.89775  -0.0339732
394  -1.90817  -0.0389321
395  -1.91861  -0.0439438
396  -1.92906  -0.0490086
397  -1.93952  -0.0541265
398  -1.94999  -0.0592977
399  -1.96046  -0.0645223
400  -1.97095  -0.0698005
401  -1.98144  -0.0751323
402  -1.99194  -0.080518
403  -2.00245  -0.0859575
404  -2.01296  -0.091451
405  -2.02348  -0.0969986
406  -2.03401  -0.1026
407  -2.04454  -0.108257
408  -2.05507  -0.113967
409  -2.06561  -0.119732
410  -2.07616  -0.125552
411  -2.0867  -0.131426
412  -2.09725  -0.137355
413  -2.1078  -0.143339
414  -2.11835  -0.149378
415  -2.12891  -0.155472
416  -2.13946  -0.161621
417  -2.15001  -0.167824
418  -2.16057  -0.174084
419  -2.17112  -0.180398
420  -2.18167  -0.186767
421  -2.19222  -0.193192
422  -2.20277  -0.199672
423  -2.21331  -0.206208
424  -2.22385  -0.212799
425  -2.23438  -0.219446
426  -2.24491  -0.226147
427  -2.25544  -0.232905
428  -2.26596  -0.239718
429  -2.27647  -0.246586
430  -2.28698  -0.25351
431  -2.29747  -0.26049
432  -2.30797  -0.267525
433  -2.31845  -0.274615
434  -2.32892  -0.281761
435  -2.33938  -0.288963
436  -2.34984  -0.29622
437  -2.36028  -0.303533
438  -2.37071  -0.310901
439  -2.38113  -0.318324
440  -2.39153  -0.325803
441  -2.40192  -0.333337
442  -2.4123  -0.340926
443  -2.42267  -0.34857
444  -2.43302  -0.35627
445  -2.44335  -0.364025
446  -2.45367  -0.371835
447  -2.46397  -0.379699
448  -2.47426  -0.387619
449  -2.48452  -0.395594
450  -2.49477  -0.403623
451  -2.505  -0.411707
452  -2.51521  -0.419845
453  -2.5254  -0.428038
454  -2.53557  -0.436285
455  -2.54572  -0.444586
456  -2.55584  -0.452942
457  -2.56595  -0.461351
458  -2.57603  -0.469815
459  -2.58608  -0.478332
460  -2.59612  -0.486903
461  -2.60612  -0.495527
462  -2.6161  -0.504205
463  -2.62606  -0.512935
464  -2.63599  -0.521719
465  -2.64589  -0.530556
466  -2.65576  -0.539445
467  -2.66561  -0.548387
468  -2.67542  -0.557381
469  -2.68521  -0.566428
470  -2.69496  -0.575526
471  -2.70469  -0.584677
472  -2.71438  -0.593878
473  -2.72404  -0.603132
474  -2.73367  -0.612436
475  -2.74326  -0.621792
476  -2.75282  -0.631198
477  -2.76235  -0.640655
478  -2.77184  -0.650162
479  -2.78129  -0.65972
480  -2.79071  -0.669327
481  -2.80009  -0.678984
482  -2.80943  -0.68869
483  -2.81874  -0.698446
484  -2.828  -0.70825
485  -2.83723  -0.718103
486  -2.84642  -0.728004
487  -2.85556  -0.737953
488  -2.86466  -0.747951
489  -2.87373  -0.757995
490  -2.88274  -0.768087
491  -2.89172  -0.778226
492  -2.90065  -0.788412
493  -2.90954  -0.798644
494  -2.91838  -0.808922
495  -2.92718  -0.819245
496  -2.93593  -0.829614
497  -2.94464  -0.840029
498  -2.95329  -0.850487
499  -2.9619  -0.860991
500  -2.97046  -0.871538
501  -2.97897  -0.882129
502  -2.98743  -0.892764
503  -2.99584  -0.903442
504  -3.0042  -0.914162
505  -3.01251  -0.924924
506  -3.02077  -0.935729
507  -3.02897  -0.946575
508  -3.03712  -0.957462
509  -3.04522  -0.96839
510  -3.05326  -0.979359
511  -3.06124  -0.990367
512  -3.06917  -1.00142
513  -3.07705  -1.0125
514  -3.08487  -1.02363
515  -3.09263  -1.03479
516  -3.10033  -1.046
517  -3.10797  -1.05724
518  -3.11556  -1.06851
519  -3.12308  -1.07983
520  -3.13055  -1.09118
521  -3.13795  -1.10256
522  -3.1453  -1.11398
523  -3.15258  -1.12544
524  -3.1598  -1.13693
525  -3.16695  -1.14846
526  -3.17404  -1.16001
527  -3.18107  -1.17161
528  -3.18804  -1.18323
529  -3.19494  -1.19489
530  -3.20177  -1.20657
531  -3.20854  -1.21829
532  -3.21524  -1.23004
533  -3.22187  -1.24182
534  -3.22843  -1.25363
535  -3.23493  -1.26547
536  -3.24136  -1.27733
537  -3.24772  -1.28923
538  -3.25401  -1.30115
539  -3.26023  -1.3131
540  -3.26638  -1.32508
541  -3.27245  -1.33708
542  -3.27846  -1.34911
543  -3.28439  -1.36116
544  -3.29025  -1.37323
545  -3.29604  -1.38534
546  -3.30175  -1.39746
547  -3.30739  -1.40961
548  -3.31296  -1.42177
549  -3.31845  -1.43396
550  -3.32386  -1.44617
551  -3.3292  -1.45841
552  -3.33446  -1.47066
553  -3.33965  -1.48293
554  -3.34476  -1.49522
555  -3.34979  -1.50752
556  -3.35474  -1.51985
557  -3.35961  -1.53219
558  -3.36441  -1.54455
559  -3.36912  -1.55692
560  -3.37376  -1.56931
561  -3.37831  -1.58171
562  -3.38279  -1.59413
563  -3.38718  -1.60656
564  -3.39149  -1.619
565  -3.39572  -1.63146
566  -3.39987  -1.64393
567  -3.40394  -1.6564
568  -3.40792  -1.66889
569  -3.41182  -1.68139
570  -3.41563  -1.69389
571  -3.41936  -1.70641
572  -3.42301  -1.71893
573  -3.42657  -1.73146
574  -3.43005  -1.74399
575  -3.43344  -1.75653
576  -3.43675  -1.76908
577  -3.43997  -1.78163
578  -3.4431  -1.79418
579  -3.44615  -1.80673
580  -3.44911  -1.81929
581  -3.45198  -1.83185
582  -3.45477  -1.84441
583  -3.45747  -1.85698
584  -3.46008  -1.86954
585  -3.4626  -1.8821
586  -3.46503  -1.89465
587  -3.46737  -1.90721
588  -3.46963  -1.91976
589  -3.47179  -1.93231
590  -3.47387  -1.94486
591  -3.47585  -1.9574
592  -3.47775  -1.96993
593  -3.47955  -1.98246
594  -3.48126  -1.99498
595  -3.48289  -2.00749
596  -3.48442  -2.01999
597  -3.48586  -2.03249
598  -3.48721  -2.04497
599  -3.48846  -2.05745
600  -3.48963  -2.06991
601  -3.4907  -2.08236
602  -3.49168  -2.0948
603  -3.49257  -2.10722
604  -3.49337  -2.11963
605  -3.49407  -2.13202
606  -3.49468  -2.1444
607  -3.4952  -2.15677
608  -3.49562  -2.16911
609  -3.49595  -2.18144
610  -3.49619  -2.19375
611  -3.49633  -2.20604
612  -3.49639  -2.21831
613  -3.49634  -2.23056
614  -3.49621  -2.24279
615  -3.49597  -2.255
616  -3.49565  -2.26718
617  -3.49523  -2.27935
618  -3.49472  -2.29148
619  -3.49411  -2.30359
620  -3.49341  -2.31568
621  -3.49261  -2.32774
622  -3.49172  -2.33978
623  -3.49074  -2.35178
624  -3.48966  -2.36376
625  -3.48849  -2.37571
626  -3.48722  -2.38763
627  -3.48586  -2.39952
628  -3.4844  -2.41137
629  -3.48285  -2.4232
630  -3.48121  -2.43499
631  -3.47947  -2.44675
632  -3.47763  -2.45848
633  -3.47571  -2.47017
634  -3.47368  -2.48182
635  -3.47157  -2.49344
636  -3.46936  -2.50502
637  -3.46705  -2.51657
638  -3.46465  -2.52808
639  -3.46216  -2.53954
640  -3.45958  -2.55097
641  -3.4569  -2.56236
642  -3.45412  -2.57371
643  -3.45125  -2.58501
644  -3.44829  -2.59628
645  -3.44524  -2.6075
646  -3.44209  -2.61867
647  -3.43885  -2.62981
648  -3.43552  -2.64089
649  -3.43209  -2.65194
650  -3.42857  -2.66293
651  -3.42496  -2.67388
652  -3.42126  -2.68478
653  -3.41746  -2.69563
654  -3.41358  -2.70644
655  -3.4096  -2.71719
656  -3.40553  -2.72789
657  -3.40136  -2.73854
658  -3.39711  -2.74915
659  -3.39276  -2.75969
660  -3.38833  -2.77019
661  -3.3838  -2.78063
662  -3.37919  -2.79102
663  -3.37448  -2.80135
664  -3.36969  -2.81163
665  -3.3648  -2.82185
666  -3.35983  -2.83201
667  -3.35476  -2.84212
668  -3.34961  -2.85217
669  -3.34437  -2.86216
670  -3.33904  -2.87209
671  -3.33362  -2.88196
672  -3.32812  -2.89177
673  -3.32253  -2.90152
674  -3.31685  -2.9112
675  -3.31108  -2.92083
676  -3.30523  -2.93039
677  -3.29929  -2.93989
678  -3.29327  -2.94932
679  -3.28716  -2.9587
680  -3.28097  -2.968
681  -3.27469  -2.97724
682  -3.26833  -2.98641
683  -3.26188  -2.99552
684  -3.25535  -3.00456
685  -3.24874  -3.01353
686  -3.24204  -3.02243
687  -3.23527  -3.03126
688  -3.22841  -3.04003
689  -3.22147  -3.04872
690  -3.21444  -3.05734
691  -3.20734  -3.06589
692  -3.20016  -3.07437
693  -3.19289  -3.08278
694  -3.18555  -3.09111
695  -3.17813  -3.09937
696  -3.17063  -3.10756
697  -3.16305  -3.11567
698  -3.15539  -3.12371
699  -3.14766  -3.13167
700  -3.13985  -3.13956
701  -3.13985  -3.13956
702  -3.13985  -3.13956
703  -3.13985  -3.13956
704  -3.13985  -3.13956
705  -3.13985  -3.13956
706  -3.13985  -3.13956
707  -3.13985  -3.13956
708  -3.13985  -3.13956
709  -3.13985  -3.13956
710  -3.13985  -3.13956
711  -3.13985  -3.13956
712  -3.13985  -3.13956
713  -3.13985  -3.13956
714  -3.13985  -3.13956
715  -3.13985  -3.13956
716  -3.13985  -3.13956
717  -3.13985  -3.13956
718  -3.13985  -3.13956
719  -3.13985  -3.13956
720  -3.13985  -3.13956
721  -3.13985  -3.13956
722  -3.13985  -3.13956
723  -3.13985  -3.13956
724  -3.13985  -3.13956
725  -3.13985  -3.13956
726  -3.13985  -3.13956
727  -3.13985  -3.13956
728  -3.13985  -3.13956
729  -3.13985  -3.13956
730  -3.13985  -3.13956
731  -3.13985  -3.13956
732  -3.13985  -3.13956
733  -3.13985  -3.13956
734  -3.13985  -3.13956
735  -3.13985  -3.13956
736  -3.13985  -3.13956
737  -3.13985  -3.13956
738  -3.13985  -3.13956
739  -3.13985  -3.13956
740  -3.13985  -3.13956
741  -3.13985  -3.13956
742  -3.13985  -3.13956
743  -3.13985  -3.13956
744  -3.13985  -3.13956
745  -3.13985  -3.13956
746  -3.13985  -3.13956
747  -3.13985  -3.13956
748  -3.13985  -3.13956
749  -3.13985  -3.13956
750  -3.13985  -3.13956
751  -3.13985  -3.13956
752  -3.13985  -3.13956
753  -3.13985  -3.13956
754  -3.13985  -3.13956
755  -3.13985  -3.13956
756  -3.13985  -3.13956
757  -3.13985  -3.13956
758  -3.13985  -3.13956
759  -3.13985  -3.13956
760  -3.13985  -3.13956
761  -3.13985  -3.13956
762  -3.13985  -3.13956
763  -3.13985  -3.13956
764  -3.13985  -3.13956
765  -3.13985  -3.13956
766  -3.13985  -3.13956
767  -3.13985  -3.13956
768  -3.13985  -3.13956
769  -3.13985  -3.13956
770  -3.13985  -3.13956
771  -3.13985  -3.13956
772  -3.13985  -3.13956
773  -3.13985  -3.13956
774  -3.13985  -3.13956
775  -3.13985  -3.13956
776  -3.13985  -3.13956
777  -3.13985  -3.13956
778  -3.13985  -3.13956
779  -3.13985  -3.13956
780  -3.13985  -3.13956
781  -3.13985  -3.13956
782  -3.13985  -3.13956
783  -3.13985  -3.13956
784  -3.13985  -3.13956
785  -3.13985  -3.13956
786  -3.13985  -3.13956
787  -3.13985  -3.13956
788  -3.13985  -3.13956
789  -3.13985  -3.13956
790  -3.13985  -3.13956
791  -3.13985  -3.13956
792  -3.13985  -3.13956
793  -3.13985  -3.13956
794  -3.13985  -3.13956
795  -3.13985  -3.13956
796  -3.13985  -3.13956
797  -3.13985  -3.13956
798  -3.13985  -3.13956
799  -3.13985  -3.13956
800  -3.13985  -3.13956
801  -3.13985  -3.13956
802  -3.13985  -3.13956
803  -3.13985  -3.13956
804  -3.13985  -3.13956
805  -3.13985  -3.13956
806  -3.13985  -3.13956
807  -3.13985  -3.13956
808  -3.13985  -3.13956
809  -3.13985  -3.13956
810  -3.13985  -3.13956
811  -3.13985  -3.13956
812  -3.13985  -3.13956
813  -3.13985  -3.13956
814  -3.13985  -3.13956
815  -3.13985  -3.13956
816  -3.13985  -3.13956
817  -3.13985  -3.13956
818  -3.13985  -3.13956
819  -3.13985  -3.13956
820  -3.13985  -3.13956
821  -3.13985  -3.13956
822  -3.13985  -3.13956
823  -3.13985  -3.13956
824  -3.13985  -3.13956
825  -3.13985  -3.13956
826  -3.13985  -3.13956
827  -3.13985  -3.13956
828  -3.13985  -3.13956
829  -3.13985  -3.13956
830  -3.13985  -3.13956
831  -3.13985  -3.13956
832  -3.13985  -3.13956
833  -3.13985  -3.13956
834  -3.13985  -3.13956
835  -3.13985  -3.13956
836  -3.13985  -3.13956
837  -3.13985  -3.13956
838  -3.13985  -3.13956
839  -3.13985  -3.13956
840  -3.13985  -3.13956
841  -3.13985  -3.13956
842  -3.13985  -3.13956
843  -3.13985  -3.13956
844  -3.13985  -3.13956
845  -3.13985  -3.13956
846  -3.13985  -3.13956
847  -3.13985  -3.13956
848  -3.13985  -3.13956
849  -3.13985  -3.13956
850  -3.13985  -3.13956
851  -3.13985  -3.13956
852  -3.13985  -3.13956
853  -3.13985  -3.13956
854  -3.13985  -3.13956
855  -3.13985  -3.13956
856  -3.13985  -3.13956
857  -3.13985  -3.13956
858  -3.13985  -3.13956
859  -3.13985  -3.13956
860  -3.13985  -3.13956
861  -3.13985  -3.13956
862  -3.13985  -3.13956
863  -3.13985  -3.13956
864  -3.13985  -3.13956
865  -3.13985  -3.13956
866  -3.13985  -3.13956
867  -3.13985  -3.13956
868  -3.13985  -3.13956
869  -3.13985  -3.13956
870  -3.13985  -3.13956
871  -3.13985  -3.13956
872  -3.13985  -3.13956
873  -3.13985  -3.13956
874  -3.13985  -3.13956
875  -3.13985  -3.13956
876  -3.13985  -3.13956
877  -3.13985  -3.13956
878  -3.13985  -3.13956
879  -3.13985  -3.13956
880  -3.13985  -3.13956
881  -3.13985  -3.13956
882  -3.13985  -3.13956
883  -3.13985  -3.13956
884  -3.13985  -3.13956
885  -3.13985  -3.13956
886  -3.13985  -3.13956
887  -3.13985  -3.13956
888  -3.13985  -3.13956
889  -3.13985  -3.13956
890  -3.13985  -3.13956
891  -3.13985  -3.13956
892  -3.13985  -3.13956
893  -3.13985  -3.13956
894  -3.13985  -3.13956
895  -3.13985  -3.13956
896  -3.13985  -3.13956
897  -3.13985  -3.13956
898  -3.13985  -3.13956
899  -3.13985  -3.13956
900  -3.13985  -3.13956
901  -3.13985  -3.13956
902  -3.13985  -3.13956
903  -3.13985  -3.13956
904  -3.13985  -3.13956
905  -3.13985  -3.13956
906  -3.13985  -3.13956
907  -3.13985  -3.13956
908  -3.13985  -3.13956
909  -3.13985  -3.13956
910  -3.13985  -3.13956
911  -3.13985  -3.13956
912  -3.13985  -3.13956
913  -3.13985  -3.13956
914  -3.13985  -3.13956
915  -3.13985  -3.13956
916  -3.13985  -3.13956
917  -3.13985  -3.13956
918  -3.13985  -3.13956
919  -3.13985  -3.13956
920  -3.13985  -3.13956
921  -3.13985  -3.13956
922  -3.13985  -3.13956
923  -3.13985  -3.13956
924  -3.13985  -3.13956
925  -3.13985  -3.13956
926  -3.13985  -3.13956
927  -3.13985  -3.13956
928  -3.13985  -3.13956
929  -3.13985  -3.13956
930  -3.13985  -3.13956
931  -3.13985  -3.13956
932  -3.13985  -3.13956
933  -3.13985  -3.13956
934  -3.13985  -3.13956
935  -3.13985  -3.13956
936  -3.13985  -3.13956
937  -3.13985  -3.13956
938  -3.13985  -3.13956
939  -3.13985  -3.13956
940  -3.13985  -3.13956
941  -3.13985  -3.13956
942  -3.13985  -3.13956
943  -3.13985  -3.13956
944  -3.13985  -3.13956
945  -3.13985  -3.13956
946  -3.13985  -3.13956
947  -3.13985  -3.13956
948  -3.13985  -3.13956
949  -3.13985  -3.13956
950  -3.13985  -3.13956
951  -3.13985  -3.13956
952  -3.13985  -3.13956
953  -3.13985  -3.13956
954  -3.13985  -3.13956
955  -3.13985  -3.13956
956  -3.13985  -3.13956
957  -3.13985  -3.13956
958  -3.13985  -3.13956
959  -3.13985  -3.13956
960  -3.13985  -3.13956
961  -3.13985  -3.13956
962  -3.13985  -3.13956
963  -3.13985  -3.13956
964  -3.13985  -3.13956
965  -3.13985  -3.13956
966  -3.13985  -3.13956
967  -3.13985  -3.13956
968  -3.13985  -3.13956
969  -3.13985  -3.13956
970  -3.13985  -3.13956
971  -3.13985  -3.13956
972  -3.13985  -3.13956
973  -3.13985  -3.13956
974  -3.13985  -3.13956
975  -3.13985  -3.13956
976  -3.13985  -3.13956
977  -3.13985  -3.13956
978  -3.13985  -3.13956
979  -3.13985  -3.13956
980  -3.13985  -3.13956
981  -3.13985  -3.13956
982  -3.13985  -3.13956
983  -3.13985  -3.13956
984  -3.13985  -3.13956
985  -3.13985  -3.13956
986  -3.13985  -3.13956
987  -3.13985  -3.13956
988  -3.13985  -3.13956
989  -3.13985  -3.13956
990  -3.13985  -3.13956
991  -3.13985  -3.13956
992  -3.13985  -3.13956
993  -3.13985  -3.13956
994  -3.13985  -3.13956
995  -3.13985  -3.13956
996  -3.13985  -3.13956
997  -3.13985  -3.13956
998  -3.13985  -3.13956
999  -3.13985  -3.13956
1000  -3.13985  -3.13956
1001  -3.13985  -3.13956
1002  -3.13985  -3.13956
1003  -3.13985  -3.13956
1004  -3.13985  -3.13956
1005  -3.13985  -3.13956
1006  -3.13985  -3.13956
1007  -3.13985  -3.13956
1008  -3.13985  -3.13956
1009  -3.13985  -3.13956
1010  -3.13985  -3.13956
1011  -3.13985  -3.13956
1012  -3.13985  -3.13956
1013  -3.13985  -3.13956
1014  -3.13985  -3.13956
1015  -3.13985  -3.13956
1016  -3.13985  -3.13956
1017  -3.13985  -3.13956
1018  -3.13985  -3.13956
1019  -3.13985  -3.13956
1020  -3.13985  -3.13956
1021  -3.13985  -3.13956
1022  -3.13985  -3.13956
1023  -3.13985  -3.13956
1024  -3.13985  -3.13956
1025  -3.13985  -3.13956
1026  -3.13985  -3.13956
1027  -3.13985  -3.13956
1028  -3.13985  -3.13956
1029  -3.13985  -3.13956
1030  -3.13985  -3.13956
1031  -3.13985  -3.13956
1032  -3.13985  -3.13956
1033  -3.13985  -3.13956
1034  -3.13985  -3.13956
1035  -3.13985  -3.13956
1036  -3.13985  -3.13956
1037  -3.13985  -3.13956
1038  -3.13985  -3.13956
1039  -3.13985  -3.13956
1040  -3.13985  -3.13956
1041  -3.13985  -3.13956
1042  -3.13985  -3.13956
1043  -3.13985  -3.13956
1044  -3.13985  -3.13956
1045  -3.13985  -3.13956
1046  -3.13985  -3.13956
1047  -3.13985  -3.13956
1048  -3.13985  -3.13956
1049  -3.13985  -3.13956
1050  -3.13985  -3.13956
1051  -3.13985  -3.13956
1052  -3.13985  -3.13956
1053  -3.13985  -3.13956
1054  -3.13985  -3.13956
1055  -3.13985  -3.13956
1056  -3.13985  -3.13956
1057  -3.13985  -3.13956
1058  -3.13985  -3.13956
1059  -3.13985  -3.13956
1060  -3.13985  -3.13956
1061  -3.13985  -3.13956
1062  -3.13985  -3.13956
1063  -3.13985  -3.13956
1064  -3.13985  -3.13956
1065  -3.13985  -3.13956
1066  -3.13985  -3.13956
1067  -3.13985  -3.13956
1068  -3.13985  -3.13956
1069  -3.13985  -3.13956
1070  -3.13985  -3.13956
1071  -3.13985  -3.13956
1072  -3.13985  -3.13956
1073  -3.13985  -3.13956
1074  -3.13985  -3.13956
1075  -3.13985  -3.13956
1076  -3.13985  -3.13956
1077  -3.13985  -3.13956
1078  -3.13985  -3.13956
1079  -3.13985  -3.13956
1080  -3.13985  -3.13956
1081  -3.13985  -3.13956
1082  -3.13985  -3.13956
1083  -3.13985  -3.13956
1084  -3.13985  -3.13956
1085  -3.13985  -3.13956
1086  -3.13985  -3.13956
1087  -3.13985  -3.13956
1088  -3.13985  -3.13956
1089  -3.13985  -3.13956
1090  -3.13985  -3.13956
1091  -3.13985  -3.13956
1092  -3.13985  -3.13956
1093  -3.13985  -3.13956
1094  -3.13985  -3.13956
1095  -3.13985  -3.13956
1096  -3.13985  -3.13956
1097  -3.13985  -3.13956
1098  -3.13985  -3.13956
1099  -3.13985  -3.13956
1100  -3.13985  -3.13956
1101  -3.13985  -3.13956
1102  -3.13985  -3.13956
1103  -3.13985  -3.13956
1104  -3.13985  -3.13956
1105  -3.13985  -3.13956
1106  -3.13985  -3.13956
1107  -3.13985  -3.13956
1108  -3.13985  -3.13956
1109  -3.13985  -3.13956
1110  -3.13985  -3.13956
1111  -3.13985  -3.13956
1112  -3.13985  -3.13956
1113  -3.13985  -3.13956
1114  -3.13985  -3.13956
1115  -3.13985  -3.13956
1116  -3.13985  -3.13956
1117  -3.13985  -3.13956
1118  -3.13985  -3.13956
1119  -3.13985  -3.13956
1120  -3.13985  -3.13956
1121  -3.13985  -3.13956
1122  -3.13985  -3.13956
1123  -3.13985  -3.13956
1124  -3.13985  -3.13956
1125  -3.13985  -3.13956
1126  -3.13985  -3.13956
1127  -3.13985  -3.13956
1128  -3.13985  -3.13956
1129  -3.13985  -3.13956
1130  -3.13985  -3.13956
1131  -3.13985  -3.13956
1132  -3.13985  -3.13956
1133  -3.13985  -3.13956
1134  -3.13985  -3.13956
1135  -3.13985  -3.13956
1136  -3.13985  -3.13956
1137  -3.13985  -3.13956
1138  -3.13985  -3.13956
1139  -3.13985  -3.13956
1140  -3.13985  -3.13956
1141  -3.13985  -3.13956
1142  -3.13985  -3.13956
1143  -3.13985  -3.13956
1144  -3.13985  -3.13956
1145  -3.13985  -3.13956
1146  -3.13985  -3.13956
1147  -3.13985  -3.13956
1148  -3.13985  -3.13956
1149  -3.13985  -3.13956
1150  -3.13985  -3.13956
1151  -3.13985  -3.13956
1152  -3.13985  -3.13956
1153  -3.13985  -3.13956
1154  -3.13985  -3.13956
1155  -3.13985  -3.13956
1156  -3.13985  -3.13956
1157  -3.13985  -3.13956
1158  -3.13985  -3.13956
1159  -3.13985  -3.13956
1160  -3.13985  -3.13956
1161  -3.13985  -3.13956
1162  -3.13985  -3.13956
1163  -3.13985  -3.13956
1164  -3.13985  -3.13956
1165  -3.13985  -3.13956
1166  -3.13985  -3.13956
1167  -3.13985  -3.13956
1168  -3.13985  -3.13956
1169  -3.13985  -3.13956
1170  -3.13985  -3.13956
1171  -3.13985  -3.13956
1172  -3.13985  -3.13956
1173  -3.13985  -3.13956
1174  -3.13985  -3.13956
1175  -3.13985  -3.13956
1176  -3.13985  -3.13956
1177  -3.13985  -3.13956
1178  -3.13985  -3.13956
1179  -3.13985  -3.13956
1180  -3.13985  -3.13956
1181  -3.13985  -3.13956
1182  -3.13985  -3.13956
1183  -3.13985  -3.13956
1184  -3.13985  -3.13956
1185  -3.13985  -3.13956
1186  -3.13985  -3.13956
1187  -3.13985  -3.13956
1188  -3.13985  -3.13956
1189  -3.13985  -3.13956
1190  -3.13985  -3.13956
1191  -3.13985  -3.13956
1192  -3.13985  -3.13956
1193  -3.13985  -3.13956
1194  -3.13985  -3.13956
1195  -3.13985  -3.13956
1196  -3.13985  -3.13956
1197  -3.13985  -3.13956
1198  -3.13985  -3.13956
1199  -3.13985  -3.13956
1200  -3.13985  -3.13956
1201  -3.13985  -3.13956
1202  -3.13985  -3.13956
1203  -3.13985  -3.13956
1204  -3.13985  -3.13956
1205  -3.13985  -3.13956
1206  -3.13985  -3.13956
1207  -3.13985  -3.13956
1208  -3.13985  -3.13956
1209  -3.13985  -3.13956
1210  -3.13985  -3.13956
1211  -3.13985  -3.13956
1212  -3.13985  -3.13956
1213  -3.13985  -3.13956
1214  -3.13985  -3.13956
1215  -3.13985  -3.13956
1216  -3.13985  -3.13956
1217  -3.13985  -3.13956
1218  -3.13985  -3.13956
1219  -3.13985  -3.13956
1220  -3.13985  -3.13956
1221  -3.13985  -3.13956
1222  -3.13985  -3.13956
1223  -3.13985  -3.13956
1224  -3.13985  -3.13956
1225  -3.13985  -3.13956
1226  -3.13985  -3.13956
1227  -3.13985  -3.13956
1228  -3.13985  -3.13956
1229  -3.13985  -3.13956
1230  -3.13985  -3.13956
1231  -3.13985  -3.13956
1232  -3.13985  -3.13956
1233  -3.13985  -3.13956
1234  -3.13985  -3.13956
1235  -3.13985  -3.13956
1236  -3.13985  -3.13956
1237  -3.13985  -3.13956
1238  -3.13985  -3.13956
1239  -3.13985  -3.13956
1240  -3.13985  -3.13956
1241  -3.13985  -3.13956
1242  -3.13985  -3.13956
1243  -3.13985  -3.13956
1244  -3.13985  -3.13956
1245  -3.13985  -3.13956
1246  -3.13985  -3.13956
1247  -3.13985  -3.13956
1248  -3.13985  -3.13956
1249  -3.13985  -3.13956
1250  -3.13985  -3.13956
1251  -3.13985  -3.13956
1252  -3.13985  -3.13956
1253  -3.13985  -3.13956
1254  -3.13985  -3.13956
1255  -3.13985  -3.13956
1256  -3.13985  -3.13956
1257  -3.13985  -3.13956
1258  -3.13985  -3.13956
1259  -3.13985  -3.13956
1260  -3.13985  -3.13956
1261  -3.13985  -3.13956
1262  -3.13985  -3.13956
1263  -3.13985  -3.13956
1264  -3.13985  -3.13956
1265  -3.13985  -3.13956
1266  -3.13985  -3.13956
1267  -3.13985  -3.13956
1268  -3.13985  -3.13956
1269  -3.13985  -3.13956
1270  -3.13985  -3.13956
1271  -3.13985  -3.13956
1272  -3.13985  -3.13956
1273  -3.13985  -3.13956
1274  -3.13985  -3.13956
1275  -3.13985  -3.13956
1276  -3.13985  -3.13956
1277  -3.13985  -3.13956
1278  -3.13985  -3.13956
1279  -3.13985  -3.13956
1280  -3.13985  -3.13956
1281  -3.13985  -3.13956
1282  -3.13985  -3.13956
1283  -3.13985  -3.13956
1284  -3.13985  -3.13956
1285  -3.13985  -3.13956
1286  -3.13985  -3.13956
1287  -3.13985  -3.13956
1288  -3.13985  -3.13956
1289  -3.13985  -3.13956
1290  -3.13985  -3.13956
1291  -3.13985  -3.13956
1292  -3.13985  -3.13956
1293  -3.13985  -3.13956
1294  -3.13985  -3.13956
1295  -3.13985  -3.13956
1296  -3.13985  -3.13956
1297  -3.13985  -3.13956
1298  -3.13985  -3.13956
1299  -3.13985  -3.13956
1300  -3.13985  -3.13956
1301  -3.13985  -3.13956
1302  -3.13985  -3.13956
1303  -3.13985  -3.13956
1304  -3.13985  -3.13956
1305  -3.13985  -3.13956
1306  -3.13985  -3.13956
1307  -3.13985  -3.13956
1308  -3.13985  -3.13956
1309  -3.13985  -3.13956
1310  -3.13985  -3.13956
1311  -3.13985  -3.13956
1312  -3.13985  -3.13956
1313  -3.13985  -3.13956
1314  -3.13985  -3.13956
1315  -3.13985  -3.13956
1316  -3.13985  -3.13956
1317  -3.13985  -3.13956
1318  -3.13985  -3.13956
1319  -3.13985  -3.13956
1320  -3.13985  -3.13956
1321  -3.13985  -3.13956
1322  -3.13985  -3.13956
1323  -3.13985  -3.13956
1324  -3.13985  -3.13956
1325  -3.13985  -3.13956
1326  -3.13985  -3.13956
1327  -3.13985  -3.13956
1328  -3.13985  -3.13956
1329  -3.13985  -3.13956
1330  -3.13985  -3.13956
1331  -3.13985  -3.13956
1332  -3.13985  -3.13956
1333  -3.13985  -3.13956
1334  -3.13985  -3.13956
1335  -3.13985  -3.13956
1336  -3.13985  -3.13956
1337  -3.13985  -3.13956
1338  -3.13985  -3.13956
1339  -3.13985  -3.13956
1340  -3.13985  -3.13956
1341  -3.13985  -3.13956
1342  -3.13985  -3.13956
1343  -3.13985  -3.13956
1344  -3.13985  -3.13956
1345  -3.13985  -3.13956
1346  -3.13985  -3.13956
1347  -3.13985  -3.13956
1348  -3.13985  -3.13956
1349  -3.13985  -3.13956
1350  -3.13985  -3.13956
1351  -3.13985  -3.13956
1352  -3.13985  -3.13956
1353  -3.13985  -3.13956
1354  -3.13985  -3.13956
1355  -3.13985  -3.13956
1356  -3.13985  -3.13956
1357  -3.13985  -3.13956
1358  -3.13985  -3.13956
1359  -3.13985  -3.13956
1360  -3.13985  -3.13956
1361  -3.13985  -3.13956
1362  -3.13985  -3.13956
1363  -3.13985  -3.13956
1364  -3.13985  -3.13956
1365  -3.13985  -3.13956
1366  -3.13985  -3.13956
1367  -3.13985  -3.13956
1368  -3.13985  -3.13956
1369  -3.13985  -3.13956
1370  -3.13985  -3.13956
