#tstp   Ax    Ay
-1  0  0
0  -6.66026e-31  5.80456e-31
1  -8.22041e-31  7.02085e-31
2  -1.01413e-30  8.48755e-31
3  -1.25054e-30  1.02552e-30
4  -1.54136e-30  1.23843e-30
5  -1.89894e-30  1.49474e-30
6  -2.33843e-30  1.80309e-30
7  -2.87834e-30  2.17385e-30
8  -3.54132e-30  2.61937e-30
9  -4.35509e-30  3.15438e-30
10  -5.3535e-30  3.79648e-30
11  -6.5779e-30  4.5666e-30
12  -8.07881e-30  5.48967e-30
13  -9.91787e-30  6.59533e-30
14  -1.21703e-29  7.91881e-30
15  -1.49279e-29  9.50192e-30
16  -1.83024e-29  1.13943e-29
17  -2.24301e-29  1.36547e-29
18  -2.74771e-29  1.63528e-29
19  -3.36454e-29  1.95708e-29
20  -4.11811e-29  2.34061e-29
21  -5.03833e-29  2.79735e-29
22  -6.1616e-29  3.34083e-29
23  -7.53215e-29  3.987e-29
24  -9.20372e-29  4.75459e-29
25  -1.12416e-28  5.66564e-29
26  -1.3725e-28  6.74598e-29
27  -1.67501e-28  8.02587e-29
28  -2.04335e-28  9.54073e-29
29  -2.49167e-28  1.13319e-28
30  -3.03712e-28  1.34476e-28
31  -3.70045e-28  1.5944e-28
32  -4.50683e-28  1.88863e-28
33  -5.48669e-28  2.23502e-28
34  -6.6769e-28  2.64231e-28
35  -8.122e-28  3.12062e-28
36  -9.87589e-28  3.68158e-28
37  -1.20037e-27  4.33856e-28
38  -1.45841e-27  5.10689e-28
39  -1.77121e-27  6.00405e-28
40  -2.15023e-27  7.04993e-28
41  -2.60933e-27  8.26709e-28
42  -3.16518e-27  9.68097e-28
43  -3.83791e-27  1.13201e-27
44  -4.65178e-27  1.32165e-27
45  -5.63601e-27  1.54054e-27
46  -6.82577e-27  1.79259e-27
47  -8.26343e-27  2.08204e-27
48  -9.99994e-27  2.41347e-27
49  -1.20966e-26  2.79178e-27
50  -1.46271e-26  3.22208e-27
51  -1.768e-26  3.70959e-27
52  -2.13616e-26  4.25951e-27
53  -2.57998e-26  4.87674e-27
54  -3.1148e-26  5.56563e-27
55  -3.75899e-26  6.32948e-27
56  -4.53465e-26  7.16998e-27
57  -5.46823e-26  8.08646e-27
58  -6.59142e-26  9.07485e-27
59  -7.94223e-26  1.01264e-26
60  -9.56612e-26  1.12259e-26
61  -1.15176e-25  1.23496e-26
62  -1.38617e-25  1.34623e-26
63  -1.66764e-25  1.45141e-26
64  -2.00548e-25  1.54355e-26
65  -2.41083e-25  1.6132e-26
66  -2.89698e-25  1.64769e-26
67  -3.47981e-25  1.63026e-26
68  -4.17827e-25  1.53892e-26
69  -5.01498e-25  1.34508e-26
70  -6.0169e-25  1.01182e-26
71  -7.21619e-25  4.91769e-27
72  -8.65115e-25  -2.75567e-27
73  -1.03674e-24  -1.36706e-26
74  -1.24194e-24  -2.87998e-26
75  -1.48717e-24  -4.93701e-26
76  -1.78013e-24  -7.69229e-26
77  -2.12997e-24  -1.1339e-25
78  -2.54758e-24  -1.61183e-25
79  -3.04587e-24  -2.2331e-25
80  -3.64022e-24  -3.03511e-25
81  -4.34884e-24  -4.06422e-25
82  -5.19339e-24  -5.37787e-25
83  -6.19954e-24  -7.04701e-25
84  -7.39773e-24  -9.15918e-25
85  -8.82405e-24  -1.18222e-24
86  -1.05213e-23  -1.51685e-24
87  -1.254e-23  -1.93609e-24
88  -1.49403e-23  -2.45987e-24
89  -1.7793e-23  -3.11262e-24
90  -2.11822e-23  -3.92418e-24
91  -2.5207e-23  -4.93102e-24
92  -2.99847e-23  -6.17759e-24
93  -3.56541e-23  -7.71806e-24
94  -4.23788e-23  -9.61835e-24
95  -5.03519e-23  -1.19586e-23
96  -5.98015e-23  -1.48361e-23
97  -7.09966e-23  -1.8369e-23
98  -8.4254e-23  -2.27004e-23
99  -9.99476e-23  -2.80036e-23
100  -1.18517e-22  -3.44883e-23
101  -1.40481e-22  -4.2408e-23
102  -1.6645e-22  -5.20688e-23
103  -1.9714e-22  -6.38403e-23
104  -2.33395e-22  -7.81681e-23
105  -2.76208e-22  -9.5589e-23
106  -3.26743e-22  -1.16749e-22
107  -3.86369e-22  -1.42427e-22
108  -4.56693e-22  -1.73557e-22
109  -5.39598e-22  -2.11262e-22
110  -6.37297e-22  -2.56891e-22
111  -7.52379e-22  -3.12062e-22
112  -8.87883e-22  -3.78714e-22
113  -1.04737e-21  -4.5917e-22
114  -1.23499e-21  -5.56214e-22
115  -1.45563e-21  -6.73173e-22
116  -1.71499e-21  -8.1403e-22
117  -2.01973e-21  -9.8354e-22
118  -2.37763e-21  -1.18739e-21
119  -2.7978e-21  -1.43235e-21
120  -3.29086e-21  -1.72652e-21
121  -3.8692e-21  -2.07954e-21
122  -4.54729e-21  -2.5029e-21
123  -5.34196e-21  -3.01029e-21
124  -6.27288e-21  -3.61799e-21
125  -7.36292e-21  -4.34537e-21
126  -8.63871e-21  -5.21547e-21
127  -1.01313e-20  -6.25564e-21
128  -1.18766e-20  -7.49839e-21
129  -1.39167e-20  -8.98227e-21
130  -1.63002e-20  -1.0753e-20
131  -1.90836e-20  -1.28649e-20
132  -2.23327e-20  -1.53823e-20
133  -2.61235e-20  -1.83811e-20
134  -3.05445e-20  -2.19517e-20
135  -3.56978e-20  -2.62005e-20
136  -4.17022e-20  -3.12538e-20
137  -4.86949e-20  -3.72607e-20
138  -5.68347e-20  -4.43971e-20
139  -6.63053e-20  -5.28712e-20
140  -7.73191e-20  -6.29284e-20
141  -9.01213e-20  -7.48583e-20
142  -1.04995e-19  -8.90023e-20
143  -1.22268e-19  -1.05763e-19
144  -1.42316e-19  -1.25614e-19
145  -1.65574e-19  -1.49115e-19
146  -1.92542e-19  -1.76921e-19
147  -2.23798e-19  -2.09806e-19
148  -2.60003e-19  -2.48678e-19
149  -3.0192e-19  -2.94606e-19
150  -3.50425e-19  -3.48844e-19
151  -4.06525e-19  -4.12865e-19
152  -4.71374e-19  -4.88399e-19
153  -5.46296e-19  -5.77474e-19
154  -6.32811e-19  -6.82467e-19
155  -7.32657e-19  -8.06167e-19
156  -8.47824e-19  -9.5184e-19
157  -9.8059e-19  -1.12331e-18
158  -1.13356e-18  -1.32505e-18
159  -1.3097e-18  -1.56231e-18
160  -1.51241e-18  -1.8412e-18
161  -1.74555e-18  -2.16889e-18
162  -2.01354e-18  -2.55374e-18
163  -2.32141e-18  -3.00552e-18
164  -2.67485e-18  -3.53564e-18
165  -3.08037e-18  -4.15742e-18
166  -3.54535e-18  -4.88637e-18
167  -4.07815e-18  -5.7406e-18
168  -4.68828e-18  -6.74121e-18
169  -5.38647e-18  -7.91277e-18
170  -6.18491e-18  -9.28389e-18
171  -7.09733e-18  -1.08879e-17
172  -8.13929e-18  -1.27635e-17
173  -9.32829e-18  -1.49558e-17
174  -1.06841e-17  -1.75172e-17
175  -1.22289e-17  -2.05085e-17
176  -1.39877e-17  -2.40005e-17
177  -1.59885e-17  -2.80752e-17
178  -1.82628e-17  -3.28278e-17
179  -2.08458e-17  -3.83688e-17
180  -2.37768e-17  -4.48264e-17
181  -2.70997e-17  -5.2349e-17
182  -3.08635e-17  -6.11086e-17
183  -3.51226e-17  -7.13044e-17
184  -3.99375e-17  -8.31671e-17
185  -4.53751e-17  -9.69634e-17
186  -5.15095e-17  -1.13002e-16
187  -5.84224e-17  -1.31639e-16
188  -6.62037e-17  -1.53288e-16
189  -7.4952e-17  -1.78425e-16
190  -8.47753e-17  -2.07599e-16
191  -9.57913e-17  -2.41445e-16
192  -1.08128e-16  -2.80696e-16
193  -1.21924e-16  -3.26197e-16
194  -1.37328e-16  -3.7892e-16
195  -1.54501e-16  -4.39988e-16
196  -1.73613e-16  -5.10694e-16
197  -1.94844e-16  -5.92525e-16
198  -2.18384e-16  -6.87194e-16
199  -2.44432e-16  -7.9667e-16
200  -2.73189e-16  -9.23219e-16
201  -3.04863e-16  -1.06945e-15
202  -3.39658e-16  -1.23834e-15
203  -3.77774e-16  -1.43334e-15
204  -4.194e-16  -1.6584e-15
205  -4.64704e-16  -1.91803e-15
206  -5.13825e-16  -2.21743e-15
207  -5.6686e-16  -2.56256e-15
208  -6.23848e-16  -2.96024e-15
209  -6.84754e-16  -3.41829e-15
210  -7.49441e-16  -3.94567e-15
211  -8.17648e-16  -4.55264e-15
212  -8.88951e-16  -5.25091e-15
213  -9.62726e-16  -6.05391e-15
214  -1.0381e-15  -6.97698e-15
215  -1.11388e-15  -8.03766e-15
216  -1.18851e-15  -9.25598e-15
217  -1.25996e-15  -1.06548e-14
218  -1.32563e-15  -1.22602e-14
219  -1.38227e-15  -1.41021e-14
220  -1.42576e-15  -1.62143e-14
221  -1.45104e-15  -1.86357e-14
222  -1.45184e-15  -2.14103e-14
223  -1.4205e-15  -2.45884e-14
224  -1.34767e-15  -2.82273e-14
225  -1.222e-15  -3.23922e-14
226  -1.02978e-15  -3.71571e-14
227  -7.54523e-16  -4.26064e-14
228  -3.76402e-16  -4.88358e-14
229  1.28284e-16  -5.59544e-14
230  7.87823e-16  -6.40857e-14
231  1.63589e-15  -7.337e-14
232  2.71246e-15  -8.39669e-14
233  4.06494e-15  -9.60569e-14
234  5.74935e-15  -1.09845e-13
235  7.83185e-15  -1.25563e-13
236  1.03904e-14  -1.43475e-13
237  1.35166e-14  -1.63878e-13
238  1.73182e-14  -1.8711e-13
239  2.19215e-14  -2.13552e-13
240  2.74744e-14  -2.43636e-13
241  3.41497e-14  -2.77849e-13
242  4.21496e-14  -3.16744e-13
243  5.17096e-14  -3.60942e-13
244  6.31042e-14  -4.11147e-13
245  7.6653e-14  -4.68152e-13
246  9.27274e-14  -5.32852e-13
247  1.11759e-13  -6.06257e-13
248  1.34248e-13  -6.89504e-13
249  1.60774e-13  -7.83873e-13
250  1.92009e-13  -8.90809e-13
251  2.28731e-13  -1.01193e-12
252  2.71836e-13  -1.14908e-12
253  3.22361e-13  -1.30429e-12
254  3.81504e-13  -1.47989e-12
255  4.50643e-13  -1.67847e-12
256  5.31367e-13  -1.90293e-12
257  6.25503e-13  -2.15656e-12
258  7.35157e-13  -2.44303e-12
259  8.62743e-13  -2.76645e-12
260  1.01104e-12  -3.13143e-12
261  1.18323e-12  -3.54316e-12
262  1.38296e-12  -4.00742e-12
263  1.61443e-12  -4.53069e-12
264  1.88241e-12  -5.12024e-12
265  2.19241e-12  -5.78418e-12
266  2.55069e-12  -6.53157e-12
267  2.96443e-12  -7.37256e-12
268  3.4418e-12  -8.31847e-12
269  3.99216e-12  -9.38193e-12
270  4.62617e-12  -1.0577e-11
271  5.35598e-12  -1.19195e-11
272  6.19545e-12  -1.34269e-11
273  7.16035e-12  -1.51188e-11
274  8.26861e-12  -1.70168e-11
275  9.54066e-12  -1.91452e-11
276  1.09997e-11  -2.15309e-11
277  1.26721e-11  -2.42039e-11
278  1.45877e-11  -2.71974e-11
279  1.67806e-11  -3.05484e-11
280  1.92892e-11  -3.42978e-11
281  2.21572e-11  -3.84914e-11
282  2.54341e-11  -4.31794e-11
283  2.91759e-11  -4.84179e-11
284  3.34459e-11  -5.42688e-11
285  3.83159e-11  -6.08009e-11
286  4.38669e-11  -6.80901e-11
287  5.01904e-11  -7.62203e-11
288  5.739e-11  -8.52845e-11
289  6.55824e-11  -9.53851e-11
290  7.48992e-11  -1.06636e-10
291  8.5489e-11  -1.19161e-10
292  9.75193e-11  -1.33099e-10
293  1.11179e-10  -1.48601e-10
294  1.26679e-10  -1.65835e-10
295  1.4426e-10  -1.84986e-10
296  1.6419e-10  -2.06255e-10
297  1.86771e-10  -2.29866e-10
298  2.12344e-10  -2.56063e-10
299  2.41288e-10  -2.85115e-10
300  2.74033e-10  -3.17317e-10
301  3.1106e-10  -3.52993e-10
302  3.52907e-10  -3.92497e-10
303  4.00178e-10  -4.36217e-10
304  4.53552e-10  -4.84578e-10
305  5.13785e-10  -5.38044e-10
306  5.81728e-10  -5.97123e-10
307  6.5833e-10  -6.62368e-10
308  7.44654e-10  -7.34385e-10
309  8.41889e-10  -8.13831e-10
310  9.51362e-10  -9.01426e-10
311  1.07455e-09  -9.97949e-10
312  1.21312e-09  -1.10425e-09
313  1.36892e-09  -1.22125e-09
314  1.544e-09  -1.34996e-09
315  1.74066e-09  -1.49145e-09
316  1.96146e-09  -1.64691e-09
317  2.20926e-09  -1.81762e-09
318  2.48722e-09  -2.00493e-09
319  2.79889e-09  -2.21036e-09
320  3.1482e-09  -2.43549e-09
321  3.53951e-09  -2.68207e-09
322  3.97769e-09  -2.95194e-09
323  4.46813e-09  -3.24712e-09
324  5.01682e-09  -3.56975e-09
325  5.63043e-09  -3.92214e-09
326  6.31631e-09  -4.30675e-09
327  7.08268e-09  -4.72623e-09
328  7.93858e-09  -5.18338e-09
329  8.89408e-09  -5.68121e-09
330  9.96031e-09  -6.22291e-09
331  1.11496e-08  -6.81186e-09
332  1.24756e-08  -7.45167e-09
333  1.39533e-08  -8.14611e-09
334  1.55995e-08  -8.8992e-09
335  1.74325e-08  -9.71515e-09
336  1.94728e-08  -1.05984e-08
337  2.17428e-08  -1.15535e-08
338  2.42673e-08  -1.25854e-08
339  2.70736e-08  -1.36989e-08
340  3.0192e-08  -1.48994e-08
341  3.36556e-08  -1.61922e-08
342  3.75012e-08  -1.75827e-08
343  4.17689e-08  -1.90765e-08
344  4.65034e-08  -2.06793e-08
345  5.17533e-08  -2.23966e-08
346  5.75725e-08  -2.42342e-08
347  6.402e-08  -2.61977e-08
348  7.11607e-08  -2.82922e-08
349  7.90658e-08  -3.05231e-08
350  8.78137e-08  -3.28949e-08
351  9.74902e-08  -3.54121e-08
352  1.0819e-07  -3.80782e-08
353  1.20015e-07  -4.0896e-08
354  1.3308e-07  -4.38675e-08
355  1.47508e-07  -4.69933e-08
356  1.63435e-07  -5.02727e-08
357  1.8101e-07  -5.37033e-08
358  2.00394e-07  -5.72805e-08
359  2.21767e-07  -6.09975e-08
360  2.45323e-07  -6.48446e-08
361  2.71273e-07  -6.88089e-08
362  2.99849e-07  -7.28738e-08
363  3.31305e-07  -7.70182e-08
364  3.65917e-07  -8.12161e-08
365  4.03985e-07  -8.54358e-08
366  4.45839e-07  -8.96388e-08
367  4.91836e-07  -9.37796e-08
368  5.42366e-07  -9.78037e-08
369  5.97853e-07  -1.01647e-07
370  6.58758e-07  -1.05235e-07
371  7.25584e-07  -1.08481e-07
372  7.98877e-07  -1.11283e-07
373  8.7923e-07  -1.13526e-07
374  9.67288e-07  -1.15074e-07
375  1.06375e-06  -1.15773e-07
376  1.16938e-06  -1.15449e-07
377  1.28499e-06  -1.139e-07
378  1.41148e-06  -1.10899e-07
379  1.54983e-06  -1.06186e-07
380  1.70107e-06  -9.94685e-08
381  1.86634e-06  -9.04156e-08
382  2.04687e-06  -7.8654e-08
383  2.244e-06  -6.37634e-08
384  2.45916e-06  -4.52717e-08
385  2.69389e-06  -2.2649e-08
386  2.94989e-06  4.69816e-09
387  3.22896e-06  3.74338e-08
388  3.53306e-06  7.62998e-08
389  3.86429e-06  1.22123e-07
390  4.22494e-06  1.75827e-07
391  4.61745e-06  2.38437e-07
392  5.04446e-06  3.11093e-07
393  5.50882e-06  3.95063e-07
394  6.01359e-06  4.91752e-07
395  6.56205e-06  6.02716e-07
396  7.15774e-06  7.29679e-07
397  7.80448e-06  8.74546e-07
398  8.50633e-06  1.03942e-06
399  9.26768e-06  1.22663e-06
400  1.00932e-05  1.43874e-06
401  1.0988e-05  1.67856e-06
402  1.19575e-05  1.94921e-06
403  1.30074e-05  2.2541e-06
404  1.41439e-05  2.597e-06
405  1.53738e-05  2.98202e-06
406  1.6704e-05  3.4137e-06
407  1.81422e-05  3.897e-06
408  1.96964e-05  4.43735e-06
409  2.13754e-05  5.04072e-06
410  2.31884e-05  5.71361e-06
411  2.51452e-05  6.46314e-06
412  2.72564e-05  7.2971e-06
413  2.95331e-05  8.22398e-06
414  3.19874e-05  9.25304e-06
415  3.46318e-05  1.03944e-05
416  3.748e-05  1.1659e-05
417  4.05463e-05  1.30589e-05
418  4.38459e-05  1.46071e-05
419  4.73951e-05  1.63178e-05
420  5.12111e-05  1.82064e-05
421  5.53121e-05  2.02897e-05
422  5.97176e-05  2.25857e-05
423  6.44479e-05  2.51142e-05
424  6.95249e-05  2.78965e-05
425  7.49715e-05  3.09558e-05
426  8.08119e-05  3.43171e-05
427  8.7072e-05  3.80076e-05
428  9.37788e-05  4.20565e-05
429  0.000100961  4.64955e-05
430  0.000108648  5.13588e-05
431  0.000116873  5.66834e-05
432  0.000125669  6.25091e-05
433  0.000135071  6.8879e-05
434  0.000145116  7.58393e-05
435  0.000155844  8.344e-05
436  0.000167294  9.17347e-05
437  0.000179511  0.000100781
438  0.000192539  0.000110642
439  0.000206426  0.000121383
440  0.00022122  0.000133077
441  0.000236974  0.000145801
442  0.000253742  0.000159637
443  0.000271579  0.000174674
444  0.000290546  0.000191007
445  0.000310704  0.000208737
446  0.000332116  0.000227975
447  0.000354848  0.000248836
448  0.000378971  0.000271444
449  0.000404556  0.000295935
450  0.000431677  0.000322449
451  0.000460412  0.00035114
452  0.00049084  0.000382169
453  0.000523044  0.00041571
454  0.000557109  0.000451947
455  0.000593124  0.000491078
456  0.000631178  0.000533311
457  0.000671365  0.000578871
458  0.000713779  0.000627994
459  0.00075852  0.000680933
460  0.000805688  0.000737956
461  0.000855384  0.000799349
462  0.000907714  0.000865414
463  0.000962783  0.000936472
464  0.0010207  0.00101286
465  0.00108157  0.00109495
466  0.00114552  0.00118311
467  0.00121264  0.00127776
468  0.00128305  0.00137932
469  0.00135687  0.00148824
470  0.0014342  0.00160501
471  0.00151517  0.00173012
472  0.00159987  0.00186413
473  0.00168842  0.00200758
474  0.00178094  0.00216108
475  0.00187751  0.00232526
476  0.00197825  0.00250077
477  0.00208325  0.00268832
478  0.00219261  0.00288864
479  0.00230641  0.0031025
480  0.00242473  0.00333071
481  0.00254766  0.00357414
482  0.00267525  0.00383367
483  0.00280756  0.00411024
484  0.00294464  0.00440486
485  0.00308653  0.00471854
486  0.00323323  0.00505239
487  0.00338477  0.00540753
488  0.00354113  0.00578516
489  0.00370229  0.00618652
490  0.00386819  0.00661293
491  0.00403878  0.00706574
492  0.00421397  0.00754637
493  0.00439363  0.00805631
494  0.00457764  0.00859712
495  0.00476582  0.00917041
496  0.00495797  0.00977786
497  0.00515386  0.0104212
498  0.00535322  0.0111024
499  0.00555574  0.0118231
500  0.00576107  0.0125855
501  0.00596882  0.0133916
502  0.00617854  0.0142435
503  0.00638976  0.0151434
504  0.00660191  0.0160936
505  0.00681441  0.0170965
506  0.00702659  0.0181545
507  0.00723773  0.0192703
508  0.00744704  0.0204464
509  0.00765364  0.0216855
510  0.00785661  0.0229906
511  0.00805493  0.0243644
512  0.00824749  0.02581
513  0.00843311  0.0273305
514  0.0086105  0.028929
515  0.00877829  0.0306089
516  0.008935  0.0323735
517  0.00907903  0.0342262
518  0.0092087  0.0361707
519  0.00932218  0.0382105
520  0.00941755  0.0403494
521  0.00949274  0.0425913
522  0.00954556  0.0449401
523  0.00957368  0.0473997
524  0.00957462  0.0499744
525  0.00954576  0.0526682
526  0.00948434  0.0554855
527  0.0093874  0.0584307
528  0.00925187  0.0615081
529  0.00907446  0.0647222
530  0.00885173  0.0680778
531  0.00858006  0.0715794
532  0.00825564  0.0752317
533  0.00787445  0.0790396
534  0.0074323  0.0830079
535  0.00692478  0.0871414
536  0.00634728  0.0914453
537  0.00569496  0.0959243
538  0.00496277  0.100584
539  0.00414545  0.105428
540  0.00323749  0.110463
541  0.00223317  0.115694
542  0.00112649  0.121125
543  -8.87333e-05  0.126762
544  -0.00141898  0.13261
545  -0.00287095  0.138673
546  -0.0044516  0.144957
547  -0.00616817  0.151468
548  -0.00802811  0.158209
549  -0.0100392  0.165186
550  -0.0122094  0.172403
551  -0.0145469  0.179866
552  -0.0170604  0.18758
553  -0.0197586  0.195547
554  -0.0226506  0.203774
555  -0.0257457  0.212264
556  -0.0290535  0.221021
557  -0.0325838  0.23005
558  -0.0363468  0.239355
559  -0.0403529  0.248938
560  -0.0446127  0.258804
561  -0.0491371  0.268955
562  -0.0539371  0.279395
563  -0.0590243  0.290127
564  -0.0644101  0.301153
565  -0.0701065  0.312474
566  -0.0761255  0.324094
567  -0.0824793  0.336013
568  -0.0891805  0.348233
569  -0.0962417  0.360756
570  -0.103676  0.37358
571  -0.111496  0.386707
572  -0.119715  0.400137
573  -0.128346  0.413869
574  -0.137403  0.427901
575  -0.1469  0.442233
576  -0.156849  0.456862
577  -0.167265  0.471786
578  -0.178162  0.487002
579  -0.189554  0.502507
580  -0.201453  0.518297
581  -0.213875  0.534367
582  -0.226833  0.550713
583  -0.240341  0.567328
584  -0.254412  0.584208
585  -0.26906  0.601344
586  -0.2843  0.61873
587  -0.300143  0.636359
588  -0.316604  0.65422
589  -0.333696  0.672306
590  -0.35143  0.690607
591  -0.369821  0.709111
592  -0.38888  0.727809
593  -0.408618  0.746689
594  -0.429049  0.765737
595  -0.450183  0.784942
596  -0.47203  0.80429
597  -0.494602  0.823766
598  -0.517908  0.843355
599  -0.541958  0.863042
600  -0.566761  0.882811
601  -0.592325  0.902644
602  -0.618658  0.922525
603  -0.645766  0.942435
604  -0.673657  0.962356
605  -0.702337  0.982268
606  -0.73181  1.00215
607  -0.76208  1.02198
608  -0.793151  1.04175
609  -0.825026  1.06142
610  -0.857707  1.08098
611  -0.891195  1.1004
612  -0.925488  1.11966
613  -0.960588  1.13874
614  -0.996491  1.15761
615  -1.0332  1.17625
616  -1.0707  1.19463
617  -1.10899  1.21273
618  -1.14807  1.23053
619  -1.18793  1.24799
620  -1.22856  1.26509
621  -1.26995  1.28181
622  -1.31209  1.29812
623  -1.35497  1.31399
624  -1.39857  1.3294
625  -1.44289  1.34431
626  -1.48791  1.35871
627  -1.5336  1.37257
628  -1.57996  1.38585
629  -1.62696  1.39854
630  -1.67459  1.4106
631  -1.72282  1.42201
632  -1.77162  1.43275
633  -1.82099  1.44279
634  -1.87088  1.45211
635  -1.92128  1.46067
636  -1.97216  1.46846
637  -2.02348  1.47545
638  -2.07522  1.48162
639  -2.12736  1.48695
640  -2.17984  1.49141
641  -2.23265  1.49498
642  -2.28575  1.49765
643  -2.3391  1.49938
644  -2.39267  1.50018
645  -2.44642  1.5
646  -2.50031  1.49885
647  -2.55431  1.4967
648  -2.60836  1.49353
649  -2.66244  1.48934
650  -2.7165  1.48411
651  -2.7705  1.47783
652  -2.82439  1.47048
653  -2.87813  1.46206
654  -2.93168  1.45257
655  -2.985  1.44198
656  -3.03803  1.43031
657  -3.09073  1.41754
658  -3.14306  1.40367
659  -3.19498  1.38869
660  -3.24642  1.37262
661  -3.29736  1.35545
662  -3.34773  1.33718
663  -3.3975  1.31782
664  -3.44662  1.29737
665  -3.49504  1.27584
666  -3.54272  1.25323
667  -3.58961  1.22957
668  -3.63566  1.20486
669  -3.68084  1.17911
670  -3.72509  1.15234
671  -3.76837  1.12456
672  -3.81064  1.0958
673  -3.85185  1.06606
674  -3.89197  1.03537
675  -3.93095  1.00376
676  -3.96875  0.971242
677  -4.00533  0.937843
678  -4.04066  0.90359
679  -4.0747  0.868509
680  -4.10741  0.832629
681  -4.13875  0.795979
682  -4.1687  0.75859
683  -4.19723  0.720494
684  -4.22429  0.681724
685  -4.24986  0.642313
686  -4.27392  0.602297
687  -4.29644  0.561712
688  -4.31739  0.520594
689  -4.33675  0.478981
690  -4.3545  0.436911
691  -4.37062  0.394425
692  -4.38509  0.35156
693  -4.3979  0.308359
694  -4.40903  0.264861
695  -4.41846  0.221109
696  -4.4262  0.177143
697  -4.43223  0.133007
698  -4.43654  0.0887429
699  -4.43913  0.0443929
700  -4.44  -0
701  -4.43914  -0.0443929
702  -4.43656  -0.0887429
703  -4.43226  -0.133007
704  -4.42624  -0.177143
705  -4.41851  -0.221109
706  -4.40908  -0.264861
707  -4.39796  -0.308359
708  -4.38516  -0.35156
709  -4.37069  -0.394425
710  -4.35458  -0.436911
711  -4.33684  -0.478981
712  -4.31749  -0.520594
713  -4.29655  -0.561712
714  -4.27404  -0.602297
715  -4.24999  -0.642313
716  -4.22442  -0.681724
717  -4.19736  -0.720494
718  -4.16885  -0.75859
719  -4.13891  -0.795979
720  -4.10757  -0.832629
721  -4.07487  -0.868509
722  -4.04084  -0.90359
723  -4.00551  -0.937843
724  -3.96894  -0.971242
725  -3.93114  -1.00376
726  -3.89217  -1.03537
727  -3.85206  -1.06606
728  -3.81085  -1.0958
729  -3.76858  -1.12456
730  -3.72531  -1.15234
731  -3.68107  -1.17911
732  -3.6359  -1.20486
733  -3.58985  -1.22957
734  -3.54296  -1.25323
735  -3.49529  -1.27584
736  -3.44687  -1.29737
737  -3.39776  -1.31782
738  -3.34799  -1.33718
739  -3.29762  -1.35545
740  -3.24669  -1.37262
741  -3.19524  -1.38869
742  -3.14333  -1.40367
743  -3.09101  -1.41754
744  -3.0383  -1.43031
745  -2.98527  -1.44198
746  -2.93196  -1.45257
747  -2.87841  -1.46206
748  -2.82467  -1.47048
749  -2.77078  -1.47783
750  -2.71678  -1.48411
751  -2.66273  -1.48934
752  -2.60865  -1.49353
753  -2.55459  -1.4967
754  -2.5006  -1.49885
755  -2.44671  -1.5
756  -2.39296  -1.50018
757  -2.33939  -1.49938
758  -2.28604  -1.49765
759  -2.23294  -1.49498
760  -2.18013  -1.49141
761  -2.12764  -1.48695
762  -2.07551  -1.48162
763  -2.02377  -1.47545
764  -1.97244  -1.46846
765  -1.92156  -1.46067
766  -1.87116  -1.45211
767  -1.82126  -1.44279
768  -1.7719  -1.43275
769  -1.72309  -1.42201
770  -1.67486  -1.4106
771  -1.62723  -1.39854
772  -1.58023  -1.38585
773  -1.53387  -1.37257
774  -1.48817  -1.35871
775  -1.44315  -1.34431
776  -1.39883  -1.3294
777  -1.35522  -1.31399
778  -1.31234  -1.29812
779  -1.27019  -1.28181
780  -1.2288  -1.26509
781  -1.18817  -1.24799
782  -1.14831  -1.23053
783  -1.10922  -1.21273
784  -1.07093  -1.19463
785  -1.03342  -1.17625
786  -0.996714  -1.15761
787  -0.960807  -1.13874
788  -0.925704  -1.11966
789  -0.891407  -1.1004
790  -0.857915  -1.08098
791  -0.825231  -1.06142
792  -0.793352  -1.04175
793  -0.762277  -1.02198
794  -0.732003  -1.00215
795  -0.702526  -0.982268
796  -0.673843  -0.962356
797  -0.645948  -0.942435
798  -0.618835  -0.922525
799  -0.592499  -0.902644
800  -0.566931  -0.882811
801  -0.542125  -0.863042
802  -0.518071  -0.843355
803  -0.494761  -0.823766
804  -0.472185  -0.80429
805  -0.450334  -0.784942
806  -0.429197  -0.765737
807  -0.408762  -0.746689
808  -0.38902  -0.727809
809  -0.369957  -0.709111
810  -0.351563  -0.690607
811  -0.333825  -0.672306
812  -0.31673  -0.65422
813  -0.300266  -0.636359
814  -0.284419  -0.61873
815  -0.269176  -0.601344
816  -0.254524  -0.584208
817  -0.24045  -0.567328
818  -0.226939  -0.550713
819  -0.213978  -0.534367
820  -0.201553  -0.518297
821  -0.18965  -0.502507
822  -0.178256  -0.487002
823  -0.167356  -0.471786
824  -0.156937  -0.456862
825  -0.146985  -0.442233
826  -0.137485  -0.427901
827  -0.128426  -0.413869
828  -0.119792  -0.400137
829  -0.11157  -0.386707
830  -0.103748  -0.37358
831  -0.0963112  -0.360756
832  -0.0892476  -0.348233
833  -0.0825441  -0.336013
834  -0.0761879  -0.324094
835  -0.0701667  -0.312474
836  -0.0644681  -0.301153
837  -0.0590802  -0.290127
838  -0.053991  -0.279395
839  -0.0491889  -0.268955
840  -0.0446626  -0.258804
841  -0.0404009  -0.248938
842  -0.036393  -0.239355
843  -0.0326281  -0.23005
844  -0.029096  -0.221021
845  -0.0257866  -0.212264
846  -0.0226899  -0.203774
847  -0.0197963  -0.195547
848  -0.0170966  -0.18758
849  -0.0145816  -0.179866
850  -0.0122426  -0.172403
851  -0.010071  -0.165186
852  -0.00805859  -0.158209
853  -0.00619735  -0.151468
854  -0.00447953  -0.144957
855  -0.00289766  -0.138673
856  -0.00144452  -0.13261
857  -0.000113154  -0.126762
858  0.00110316  -0.121125
859  0.00221088  -0.115694
860  0.00321621  -0.110463
861  0.00412514  -0.105428
862  0.00494339  -0.100584
863  0.00567648  -0.0959243
864  0.00632966  -0.0914453
865  0.006908  -0.0871414
866  0.00741631  -0.0830079
867  0.00785923  -0.0790396
868  0.00824114  -0.0752317
869  0.00856627  -0.0715794
870  0.00883862  -0.0680778
871  0.00906199  -0.0647222
872  0.00924002  -0.0615081
873  0.00937615  -0.0584307
874  0.00947365  -0.0554855
875  0.00953562  -0.0526682
876  0.00956499  -0.0499744
877  0.00956455  -0.0473997
878  0.0095369  -0.0449401
879  0.00948454  -0.0425913
880  0.00940978  -0.0403494
881  0.00931482  -0.0382105
882  0.00920173  -0.0361707
883  0.00907244  -0.0342262
884  0.00892876  -0.0323735
885  0.00877239  -0.0306089
886  0.00860493  -0.028929
887  0.00842784  -0.0273305
888  0.00824252  -0.02581
889  0.00805024  -0.0243644
890  0.00785218  -0.0229906
891  0.00764946  -0.0216855
892  0.0074431  -0.0204464
893  0.00723402  -0.0192703
894  0.0070231  -0.0181545
895  0.00681112  -0.0170965
896  0.00659881  -0.0160936
897  0.00638684  -0.0151434
898  0.0061758  -0.0142435
899  0.00596624  -0.0133916
900  0.00575864  -0.0125855
901  0.00555346  -0.0118231
902  0.00535108  -0.0111024
903  0.00515185  -0.0104212
904  0.00495609  -0.00977786
905  0.00476405  -0.00917041
906  0.00457598  -0.00859712
907  0.00439208  -0.00805631
908  0.00421251  -0.00754637
909  0.00403742  -0.00706574
910  0.00386692  -0.00661293
911  0.0037011  -0.00618652
912  0.00354002  -0.00578516
913  0.00338373  -0.00540753
914  0.00323226  -0.00505239
915  0.00308562  -0.00471854
916  0.00294379  -0.00440486
917  0.00280677  -0.00411024
918  0.00267451  -0.00383367
919  0.00254697  -0.00357414
920  0.00242409  -0.00333071
921  0.00230581  -0.0031025
922  0.00219205  -0.00288864
923  0.00208273  -0.00268832
924  0.00197777  -0.00250077
925  0.00187706  -0.00232526
926  0.00178052  -0.00216108
927  0.00168804  -0.00200758
928  0.00159951  -0.00186413
929  0.00151483  -0.00173012
930  0.00143389  -0.00160501
931  0.00135658  -0.00148824
932  0.00128278  -0.00137932
933  0.00121239  -0.00127776
934  0.00114529  -0.00118311
935  0.00108136  -0.00109495
936  0.0010205  -0.00101286
937  0.000962602  -0.000936472
938  0.000907547  -0.000865414
939  0.00085523  -0.000799349
940  0.000805546  -0.000737956
941  0.000758389  -0.000680933
942  0.000713658  -0.000627994
943  0.000671253  -0.000578871
944  0.000631075  -0.000533311
945  0.000593029  -0.000491078
946  0.000557022  -0.000451947
947  0.000522964  -0.00041571
948  0.000490766  -0.000382169
949  0.000460344  -0.00035114
950  0.000431615  -0.000322449
951  0.000404499  -0.000295935
952  0.000378919  -0.000271444
953  0.0003548  -0.000248836
954  0.000332072  -0.000227975
955  0.000310664  -0.000208737
956  0.00029051  -0.000191007
957  0.000271546  -0.000174674
958  0.000253711  -0.000159637
959  0.000236946  -0.000145801
960  0.000221194  -0.000133077
961  0.000206402  -0.000121383
962  0.000192518  -0.000110642
963  0.000179492  -0.000100781
964  0.000167277  -9.17347e-05
965  0.000155828  -8.344e-05
966  0.000145102  -7.58393e-05
967  0.000135058  -6.8879e-05
968  0.000125657  -6.25091e-05
969  0.000116862  -5.66834e-05
970  0.000108639  -5.13588e-05
971  0.000100952  -4.64955e-05
972  9.37707e-05  -4.20565e-05
973  8.70647e-05  -3.80076e-05
974  8.08053e-05  -3.43171e-05
975  7.49655e-05  -3.09558e-05
976  6.95195e-05  -2.78965e-05
977  6.44431e-05  -2.51142e-05
978  5.97132e-05  -2.25857e-05
979  5.53082e-05  -2.02897e-05
980  5.12076e-05  -1.82064e-05
981  4.7392e-05  -1.63178e-05
982  4.38431e-05  -1.46071e-05
983  4.05438e-05  -1.30589e-05
984  3.74778e-05  -1.1659e-05
985  3.46298e-05  -1.03944e-05
986  3.19856e-05  -9.25304e-06
987  2.95316e-05  -8.22398e-06
988  2.7255e-05  -7.2971e-06
989  2.5144e-05  -6.46314e-06
990  2.31873e-05  -5.71361e-06
991  2.13744e-05  -5.04072e-06
992  1.96956e-05  -4.43735e-06
993  1.81414e-05  -3.897e-06
994  1.67033e-05  -3.4137e-06
995  1.53732e-05  -2.98202e-06
996  1.41434e-05  -2.597e-06
997  1.3007e-05  -2.2541e-06
998  1.19571e-05  -1.94921e-06
999  1.09877e-05  -1.67856e-06
1000  1.0093e-05  -1.43874e-06
1001  9.26744e-06  -1.22663e-06
1002  8.50613e-06  -1.03942e-06
1003  7.80431e-06  -8.74546e-07
1004  7.1576e-06  -7.29679e-07
1005  6.56193e-06  -6.02716e-07
1006  6.01349e-06  -4.91752e-07
1007  5.50874e-06  -3.95063e-07
1008  5.0444e-06  -3.11093e-07
1009  4.6174e-06  -2.38437e-07
1010  4.2249e-06  -1.75827e-07
1011  3.86427e-06  -1.22123e-07
1012  3.53304e-06  -7.62998e-08
1013  3.22895e-06  -3.74338e-08
1014  2.94989e-06  -4.69816e-09
1015  2.6939e-06  2.2649e-08
1016  2.45916e-06  4.52717e-08
1017  2.24401e-06  6.37634e-08
1018  2.04689e-06  7.8654e-08
1019  1.86636e-06  9.04156e-08
1020  1.70109e-06  9.94685e-08
1021  1.54985e-06  1.06186e-07
1022  1.4115e-06  1.10899e-07
1023  1.28501e-06  1.139e-07
1024  1.1694e-06  1.15449e-07
1025  1.06377e-06  1.15773e-07
1026  9.6731e-07  1.15074e-07
1027  8.79252e-07  1.13526e-07
1028  7.98899e-07  1.11283e-07
1029  7.25605e-07  1.08481e-07
1030  6.58778e-07  1.05235e-07
1031  5.97872e-07  1.01647e-07
1032  5.42385e-07  9.78037e-08
1033  4.91854e-07  9.37796e-08
1034  4.45857e-07  8.96388e-08
1035  4.04002e-07  8.54358e-08
1036  3.65932e-07  8.12161e-08
1037  3.3132e-07  7.70182e-08
1038  2.99863e-07  7.28738e-08
1039  2.71286e-07  6.88089e-08
1040  2.45335e-07  6.48446e-08
1041  2.21779e-07  6.09975e-08
1042  2.00406e-07  5.72805e-08
1043  1.8102e-07  5.37033e-08
1044  1.63444e-07  5.02727e-08
1045  1.47517e-07  4.69933e-08
1046  1.33088e-07  4.38675e-08
1047  1.20023e-07  4.0896e-08
1048  1.08197e-07  3.80782e-08
1049  9.74971e-08  3.54121e-08
1050  8.78201e-08  3.28949e-08
1051  7.90717e-08  3.05231e-08
1052  7.11661e-08  2.82922e-08
1053  6.4025e-08  2.61977e-08
1054  5.75772e-08  2.42342e-08
1055  5.17577e-08  2.23966e-08
1056  4.65074e-08  2.06793e-08
1057  4.17726e-08  1.90765e-08
1058  3.75045e-08  1.75827e-08
1059  3.36587e-08  1.61922e-08
1060  3.01948e-08  1.48994e-08
1061  2.70763e-08  1.36989e-08
1062  2.42697e-08  1.25854e-08
1063  2.1745e-08  1.15535e-08
1064  1.94749e-08  1.05984e-08
1065  1.74344e-08  9.71515e-09
1066  1.56012e-08  8.8992e-09
1067  1.39549e-08  8.14611e-09
1068  1.2477e-08  7.45167e-09
1069  1.11509e-08  6.81186e-09
1070  9.96151e-09  6.22291e-09
1071  8.89518e-09  5.68121e-09
1072  7.93958e-09  5.18338e-09
1073  7.08359e-09  4.72623e-09
1074  6.31714e-09  4.30675e-09
1075  5.63118e-09  3.92214e-09
1076  5.01751e-09  3.56975e-09
1077  4.46876e-09  3.24712e-09
1078  3.97826e-09  2.95194e-09
1079  3.54003e-09  2.68207e-09
1080  3.14867e-09  2.43549e-09
1081  2.79932e-09  2.21036e-09
1082  2.48761e-09  2.00493e-09
1083  2.20961e-09  1.81762e-09
1084  1.96178e-09  1.64691e-09
1085  1.74094e-09  1.49145e-09
1086  1.54426e-09  1.34996e-09
1087  1.36915e-09  1.22125e-09
1088  1.21334e-09  1.10425e-09
1089  1.07475e-09  9.97949e-10
1090  9.51535e-10  9.01426e-10
1091  8.42046e-10  8.13831e-10
1092  7.44796e-10  7.34385e-10
1093  6.58457e-10  6.62368e-10
1094  5.81843e-10  5.97123e-10
1095  5.13889e-10  5.38044e-10
1096  4.53645e-10  4.84578e-10
1097  4.00262e-10  4.36217e-10
1098  3.52982e-10  3.92497e-10
1099  3.11128e-10  3.52993e-10
1100  2.74095e-10  3.17317e-10
1101  2.41343e-10  2.85115e-10
1102  2.12393e-10  2.56063e-10
1103  1.86816e-10  2.29866e-10
1104  1.6423e-10  2.06255e-10
1105  1.44296e-10  1.84986e-10
1106  1.26711e-10  1.65835e-10
1107  1.11207e-10  1.48601e-10
1108  9.75449e-11  1.33099e-10
1109  8.5512e-11  1.19161e-10
1110  7.49197e-11  1.06636e-10
1111  6.56008e-11  9.53851e-11
1112  5.74065e-11  8.52845e-11
1113  5.02051e-11  7.62203e-11
1114  4.388e-11  6.80901e-11
1115  3.83276e-11  6.08009e-11
1116  3.34564e-11  5.42688e-11
1117  2.91852e-11  4.84179e-11
1118  2.54425e-11  4.31794e-11
1119  2.21647e-11  3.84914e-11
1120  1.92958e-11  3.42978e-11
1121  1.67865e-11  3.05484e-11
1122  1.4593e-11  2.71974e-11
1123  1.26767e-11  2.42039e-11
1124  1.10038e-11  2.15309e-11
1125  9.54435e-12  1.91452e-11
1126  8.27189e-12  1.70168e-11
1127  7.16326e-12  1.51188e-11
1128  6.19804e-12  1.34269e-11
1129  5.35828e-12  1.19195e-11
1130  4.62821e-12  1.0577e-11
1131  3.99397e-12  9.38193e-12
1132  3.4434e-12  8.31847e-12
1133  2.96585e-12  7.37256e-12
1134  2.55195e-12  6.53157e-12
1135  2.19353e-12  5.78418e-12
1136  1.8834e-12  5.12024e-12
1137  1.6153e-12  4.53069e-12
1138  1.38373e-12  4.00742e-12
1139  1.18391e-12  3.54316e-12
1140  1.01164e-12  3.13143e-12
1141  8.63276e-13  2.76645e-12
1142  7.35627e-13  2.44303e-12
1143  6.25919e-13  2.15656e-12
1144  5.31733e-13  1.90293e-12
1145  4.50966e-13  1.67847e-12
1146  3.81789e-13  1.47989e-12
1147  3.22613e-13  1.30429e-12
1148  2.72057e-13  1.14908e-12
1149  2.28926e-13  1.01193e-12
1150  1.92181e-13  8.90809e-13
1151  1.60925e-13  7.83873e-13
1152  1.34381e-13  6.89504e-13
1153  1.11876e-13  6.06257e-13
1154  9.28301e-14  5.32852e-13
1155  7.67432e-14  4.68152e-13
1156  6.31834e-14  4.11147e-13
1157  5.17791e-14  3.60942e-13
1158  4.22106e-14  3.16744e-13
1159  3.42033e-14  2.77849e-13
1160  2.75213e-14  2.43636e-13
1161  2.19627e-14  2.13552e-13
1162  1.73543e-14  1.8711e-13
1163  1.35482e-14  1.63878e-13
1164  1.0418e-14  1.43475e-13
1165  7.85604e-15  1.25563e-13
1166  5.77051e-15  1.09845e-13
1167  4.08345e-15  9.60569e-14
1168  2.72864e-15  8.39669e-14
1169  1.65002e-15  7.337e-14
1170  8.0017e-16  6.40857e-14
1171  1.39064e-16  5.59544e-14
1172  -3.66994e-16  4.88358e-14
1173  -7.46315e-16  4.26064e-14
1174  -1.02263e-15  3.71571e-14
1175  -1.21576e-15  3.23922e-14
1176  -1.34223e-15  2.82273e-14
1177  -1.41576e-15  2.45884e-14
1178  -1.44772e-15  2.14103e-14
1179  -1.44745e-15  1.86357e-14
1180  -1.42264e-15  1.62143e-14
1181  -1.37955e-15  1.41021e-14
1182  -1.32327e-15  1.22602e-14
1183  -1.25791e-15  1.06548e-14
1184  -1.18673e-15  9.25598e-15
1185  -1.11233e-15  8.03766e-15
1186  -1.03675e-15  6.97698e-15
1187  -9.6156e-16  6.05391e-15
1188  -8.8794e-16  5.25091e-15
1189  -8.16771e-16  4.55264e-15
1190  -7.48681e-16  3.94567e-15
1191  -6.84095e-16  3.41829e-15
1192  -6.23278e-16  2.96024e-15
1193  -5.66366e-16  2.56256e-15
1194  -5.13398e-16  2.21743e-15
1195  -4.64334e-16  1.91803e-15
1196  -4.1908e-16  1.6584e-15
1197  -3.77498e-16  1.43334e-15
1198  -3.39419e-16  1.23834e-15
1199  -3.04657e-16  1.06945e-15
1200  -2.73011e-16  9.23219e-16
1201  -2.44278e-16  7.9667e-16
1202  -2.18252e-16  6.87194e-16
1203  -1.9473e-16  5.92525e-16
1204  -1.73514e-16  5.10694e-16
1205  -1.54416e-16  4.39988e-16
1206  -1.37255e-16  3.7892e-16
1207  -1.21861e-16  3.26197e-16
1208  -1.08074e-16  2.80696e-16
1209  -9.57448e-17  2.41445e-16
1210  -8.47353e-17  2.07599e-16
1211  -7.49176e-17  1.78425e-16
1212  -6.61742e-17  1.53288e-16
1213  -5.83971e-17  1.31639e-16
1214  -5.14878e-17  1.13002e-16
1215  -4.53565e-17  9.69634e-17
1216  -3.99215e-17  8.31671e-17
1217  -3.51089e-17  7.13044e-17
1218  -3.08518e-17  6.11086e-17
1219  -2.70896e-17  5.2349e-17
1220  -2.37682e-17  4.48264e-17
1221  -2.08384e-17  3.83688e-17
1222  -1.82565e-17  3.28278e-17
1223  -1.59831e-17  2.80752e-17
1224  -1.39831e-17  2.40005e-17
1225  -1.22249e-17  2.05085e-17
1226  -1.06807e-17  1.75172e-17
1227  -9.32541e-18  1.49558e-17
1228  -8.13683e-18  1.27635e-17
1229  -7.09524e-18  1.08879e-17
1230  -6.18312e-18  9.28389e-18
1231  -5.38495e-18  7.91277e-18
1232  -4.68698e-18  6.74121e-18
1233  -4.07704e-18  5.7406e-18
1234  -3.54441e-18  4.88637e-18
1235  -3.07957e-18  4.15742e-18
1236  -2.67417e-18  3.53564e-18
1237  -2.32083e-18  3.00552e-18
1238  -2.01305e-18  2.55374e-18
1239  -1.74513e-18  2.16889e-18
1240  -1.51205e-18  1.8412e-18
1241  -1.3094e-18  1.56231e-18
1242  -1.1333e-18  1.32505e-18
1243  -9.80373e-19  1.12331e-18
1244  -8.4764e-19  9.5184e-19
1245  -7.32501e-19  8.06167e-19
1246  -6.32679e-19  6.82467e-19
1247  -5.46185e-19  5.77474e-19
1248  -4.7128e-19  4.88399e-19
1249  -4.06445e-19  4.12865e-19
1250  -3.50358e-19  3.48844e-19
1251  -3.01863e-19  2.94606e-19
1252  -2.59955e-19  2.48678e-19
1253  -2.23757e-19  2.09806e-19
1254  -1.92508e-19  1.76921e-19
1255  -1.65545e-19  1.49115e-19
1256  -1.42292e-19  1.25614e-19
1257  -1.22247e-19  1.05763e-19
1258  -1.04978e-19  8.90023e-20
1259  -9.01069e-20  7.48583e-20
1260  -7.7307e-20  6.29284e-20
1261  -6.62951e-20  5.28712e-20
1262  -5.68261e-20  4.43971e-20
1263  -4.86877e-20  3.72607e-20
1264  -4.16962e-20  3.12538e-20
1265  -3.56928e-20  2.62005e-20
1266  -3.05402e-20  2.19517e-20
1267  -2.612e-20  1.83811e-20
1268  -2.23297e-20  1.53823e-20
1269  -1.90811e-20  1.28649e-20
1270  -1.62981e-20  1.0753e-20
1271  -1.3915e-20  8.98227e-21
1272  -1.18752e-20  7.49839e-21
1273  -1.01301e-20  6.25564e-21
1274  -8.63771e-21  5.21547e-21
1275  -7.36208e-21  4.34537e-21
1276  -6.27218e-21  3.61799e-21
1277  -5.34138e-21  3.01029e-21
1278  -4.5468e-21  2.5029e-21
1279  -3.8688e-21  2.07954e-21
1280  -3.29053e-21  1.72652e-21
1281  -2.79753e-21  1.43235e-21
1282  -2.3774e-21  1.18739e-21
1283  -2.01954e-21  9.8354e-22
1284  -1.71483e-21  8.1403e-22
1285  -1.4555e-21  6.73173e-22
1286  -1.23488e-21  5.56214e-22
1287  -1.04728e-21  4.5917e-22
1288  -8.87811e-22  3.78714e-22
1289  -7.52319e-22  3.12062e-22
1290  -6.37247e-22  2.56891e-22
1291  -5.39558e-22  2.11262e-22
1292  -4.56659e-22  1.73557e-22
1293  -3.86342e-22  1.42427e-22
1294  -3.26721e-22  1.16749e-22
1295  -2.7619e-22  9.5589e-23
1296  -2.3338e-22  7.81681e-23
1297  -1.97127e-22  6.38403e-23
1298  -1.6644e-22  5.20688e-23
1299  -1.40473e-22  4.2408e-23
1300  -1.18511e-22  3.44883e-23
1301  -9.99422e-23  2.80036e-23
1302  -8.42497e-23  2.27004e-23
1303  -7.0993e-23  1.8369e-23
1304  -5.97987e-23  1.48361e-23
1305  -5.03496e-23  1.19586e-23
1306  -4.23769e-23  9.61835e-24
1307  -3.56526e-23  7.71806e-24
1308  -2.99836e-23  6.17759e-24
1309  -2.5206e-23  4.93102e-24
1310  -2.11814e-23  3.92418e-24
1311  -1.77924e-23  3.11262e-24
1312  -1.49398e-23  2.45987e-24
1313  -1.25396e-23  1.93609e-24
1314  -1.0521e-23  1.51685e-24
1315  -8.82382e-24  1.18222e-24
1316  -7.39755e-24  9.15918e-25
1317  -6.1994e-24  7.04701e-25
1318  -5.19329e-24  5.37787e-25
1319  -4.34877e-24  4.06422e-25
1320  -3.64016e-24  3.03511e-25
1321  -3.04583e-24  2.2331e-25
1322  -2.54755e-24  1.61183e-25
1323  -2.12995e-24  1.1339e-25
1324  -1.78011e-24  7.69229e-26
1325  -1.48716e-24  4.93701e-26
1326  -1.24193e-24  2.87998e-26
1327  -1.03674e-24  1.36706e-26
1328  -8.65115e-25  2.75567e-27
1329  -7.2162e-25  -4.91769e-27
1330  -6.01692e-25  -1.01182e-26
1331  -5.01501e-25  -1.34508e-26
1332  -4.1783e-25  -1.53892e-26
1333  -3.47984e-25  -1.63026e-26
1334  -2.89701e-25  -1.64769e-26
1335  -2.41086e-25  -1.6132e-26
1336  -2.00551e-25  -1.54355e-26
1337  -1.66767e-25  -1.45141e-26
1338  -1.38619e-25  -1.34623e-26
1339  -1.15178e-25  -1.23496e-26
1340  -9.56634e-26  -1.12259e-26
1341  -7.94242e-26  -1.01264e-26
1342  -6.5916e-26  -9.07485e-27
1343  -5.46838e-26  -8.08646e-27
1344  -4.53479e-26  -7.16998e-27
1345  -3.75912e-26  -6.32948e-27
1346  -3.1149e-26  -5.56563e-27
1347  -2.58008e-26  -4.87674e-27
1348  -2.13625e-26  -4.25951e-27
1349  -1.76807e-26  -3.70959e-27
1350  -1.46277e-26  -3.22208e-27
1351  -1.20971e-26  -2.79178e-27
1352  -1.00004e-26  -2.41347e-27
1353  -8.26383e-27  -2.08204e-27
1354  -6.82612e-27  -1.79259e-27
1355  -5.6363e-27  -1.54054e-27
1356  -4.65204e-27  -1.32165e-27
1357  -3.83813e-27  -1.13201e-27
1358  -3.16536e-27  -9.68097e-28
1359  -2.60948e-27  -8.26709e-28
1360  -2.15037e-27  -7.04993e-28
1361  -1.77132e-27  -6.00405e-28
1362  -1.45851e-27  -5.10689e-28
1363  -1.20045e-27  -4.33856e-28
1364  -9.8766e-28  -3.68158e-28
1365  -8.1226e-28  -3.12062e-28
1366  -6.67741e-28  -2.64231e-28
1367  -5.48712e-28  -2.23502e-28
1368  -4.50719e-28  -1.88863e-28
1369  -3.70076e-28  -1.5944e-28
1370  -3.03737e-28  -1.34476e-28
