#tstp   Ax    Ay
-1  0  0
0  -8.81441e-31  -6.05485e-32
1  -1.07778e-30  -8.48715e-32
2  -1.31733e-30  -1.17001e-31
3  -1.6095e-30  -1.59188e-31
4  -1.96571e-30  -2.14288e-31
5  -2.39982e-30  -2.85922e-31
6  -2.92865e-30  -3.78666e-31
7  -3.57263e-30  -4.98301e-31
8  -4.3565e-30  -6.52109e-31
9  -5.3103e-30  -8.49253e-31
10  -6.47038e-30  -1.10125e-30
11  -7.8808e-30  -1.42253e-30
12  -9.59491e-30  -1.83119e-30
13  -1.16773e-29  -2.34986e-30
14  -1.4206e-29  -3.00683e-30
15  -1.72755e-29  -3.8374e-30
16  -2.1e-29  -4.88556e-30
17  -2.55173e-29  -6.20613e-30
18  -3.09943e-29  -7.86725e-30
19  -3.76318e-29  -9.95364e-30
20  -4.56728e-29  -1.25705e-29
21  -5.541e-29  -1.58481e-29
22  -6.71965e-29  -1.99482e-29
23  -8.14577e-29  -2.50709e-29
24  -9.87063e-29  -3.14635e-29
25  -1.1956e-28  -3.94319e-29
26  -1.44761e-28  -4.93538e-29
27  -1.75204e-28  -6.16952e-29
28  -2.11964e-28  -7.70304e-29
29  -2.56333e-28  -9.60673e-29
30  -3.09866e-28  -1.19677e-28
31  -3.74428e-28  -1.48932e-28
32  -4.52258e-28  -1.85148e-28
33  -5.46044e-28  -2.29945e-28
34  -6.59012e-28  -2.85308e-28
35  -7.95028e-28  -3.53674e-28
36  -9.58724e-28  -4.38031e-28
37  -1.15565e-27  -5.42038e-28
38  -1.39246e-27  -6.70176e-28
39  -1.6771e-27  -8.27925e-28
40  -2.01909e-27  -1.02199e-27
41  -2.42982e-27  -1.26056e-27
42  -2.92288e-27  -1.55364e-27
43  -3.51453e-27  -1.91344e-27
44  -4.22417e-27  -2.35486e-27
45  -5.07497e-27  -2.89605e-27
46  -6.09456e-27  -3.55913e-27
47  -7.3159e-27  -4.37106e-27
48  -8.77828e-27  -5.36462e-27
49  -1.05285e-26  -6.5797e-27
50  -1.26222e-26  -8.06479e-27
51  -1.51259e-26  -9.87882e-27
52  -1.81183e-26  -1.20934e-26
53  -2.16934e-26  -1.47952e-26
54  -2.59625e-26  -1.80899e-26
55  -3.10582e-26  -2.2105e-26
56  -3.71378e-26  -2.69954e-26
57  -4.43878e-26  -3.29488e-26
58  -5.30297e-26  -4.01922e-26
59  -6.33258e-26  -4.90004e-26
60  -7.5587e-26  -5.97057e-26
61  -9.01816e-26  -7.271e-26
62  -1.07545e-25  -8.84986e-26
63  -1.28194e-25  -1.07658e-25
64  -1.52737e-25  -1.30896e-25
65  -1.81895e-25  -1.59066e-25
66  -2.16518e-25  -1.93198e-25
67  -2.57611e-25  -2.34534e-25
68  -3.06358e-25  -2.84568e-25
69  -3.64157e-25  -3.45103e-25
70  -4.32654e-25  -4.18306e-25
71  -5.13787e-25  -5.06786e-25
72  -6.09838e-25  -6.13679e-25
73  -7.23491e-25  -7.42756e-25
74  -8.57902e-25  -8.98548e-25
75  -1.01678e-24  -1.0865e-24
76  -1.20447e-24  -1.31313e-24
77  -1.42608e-24  -1.58629e-24
78  -1.6876e-24  -1.91537e-24
79  -1.99606e-24  -2.31165e-24
80  -2.35965e-24  -2.78862e-24
81  -2.788e-24  -3.36246e-24
82  -3.29236e-24  -4.05253e-24
83  -3.88585e-24  -4.88199e-24
84  -4.58383e-24  -5.87858e-24
85  -5.40418e-24  -7.07543e-24
86  -6.36778e-24  -8.51214e-24
87  -7.49895e-24  -1.0236e-23
88  -8.82598e-24  -1.23036e-23
89  -1.03818e-23  -1.47823e-23
90  -1.22046e-23  -1.77526e-23
91  -1.43389e-23  -2.13105e-23
92  -1.68362e-23  -2.55702e-23
93  -1.97562e-23  -3.06683e-23
94  -2.31679e-23  -3.67669e-23
95  -2.71515e-23  -4.40594e-23
96  -3.17993e-23  -5.27759e-23
97  -3.7218e-23  -6.31898e-23
98  -4.35306e-23  -7.56268e-23
99  -5.08787e-23  -9.04733e-23
100  -5.94253e-23  -1.08189e-22
101  -6.93576e-23  -1.29319e-22
102  -8.08905e-23  -1.54512e-22
103  -9.42699e-23  -1.84537e-22
104  -1.09778e-22  -2.20303e-22
105  -1.27735e-22  -2.62894e-22
106  -1.4851e-22  -3.13589e-22
107  -1.72519e-22  -3.73906e-22
108  -2.00238e-22  -4.45642e-22
109  -2.32205e-22  -5.30925e-22
110  -2.6903e-22  -6.32269e-22
111  -3.11401e-22  -7.52653e-22
112  -3.60096e-22  -8.95594e-22
113  -4.15986e-22  -1.06525e-21
114  -4.8005e-22  -1.26654e-21
115  -5.53378e-22  -1.50525e-21
116  -6.37188e-22  -1.78823e-21
117  -7.32828e-22  -2.12356e-21
118  -8.41789e-22  -2.52077e-21
119  -9.65708e-22  -2.99107e-21
120  -1.10638e-21  -3.54771e-21
121  -1.26574e-21  -4.20626e-21
122  -1.4459e-21  -4.98507e-21
123  -1.64909e-21  -5.90573e-21
124  -1.8777e-21  -6.99366e-21
125  -2.13421e-21  -8.27872e-21
126  -2.42117e-21  -9.79604e-21
127  -2.74114e-21  -1.15869e-20
128  -3.09666e-21  -1.36997e-20
129  -3.49008e-21  -1.61914e-20
130  -3.92349e-21  -1.91288e-20
131  -4.39853e-21  -2.25902e-20
132  -4.91617e-21  -2.66675e-20
133  -5.47643e-21  -3.14683e-20
134  -6.07804e-21  -3.71189e-20
135  -6.71796e-21  -4.3767e-20
136  -7.39087e-21  -5.15856e-20
137  -8.08842e-21  -6.07772e-20
138  -8.79841e-21  -7.15787e-20
139  -9.50369e-21  -8.4267e-20
140  -1.01808e-20  -9.91657e-20
141  -1.07985e-20  -1.16653e-19
142  -1.13157e-20  -1.37171e-19
143  -1.16787e-20  -1.61235e-19
144  -1.18191e-20  -1.89447e-19
145  -1.16494e-20  -2.22508e-19
146  -1.10588e-20  -2.61238e-19
147  -9.90851e-21  -3.06589e-19
148  -8.0247e-21  -3.59675e-19
149  -5.19134e-21  -4.21787e-19
150  -1.14083e-21  -4.94434e-19
151  4.45697e-21  -5.79368e-19
152  1.2008e-20  -6.78629e-19
153  2.20099e-20  -7.94586e-19
154  3.50707e-20  -9.29995e-19
155  5.1932e-20  -1.08806e-18
156  7.34953e-20  -1.27249e-18
157  1.00855e-19  -1.48761e-18
158  1.35335e-19  -1.73841e-18
159  1.78538e-19  -2.03071e-18
160  2.32394e-19  -2.37123e-18
161  2.9923e-19  -2.76778e-18
162  3.81843e-19  -3.22938e-18
163  4.83592e-19  -3.7665e-18
164  6.085e-19  -4.39124e-18
165  7.61388e-19  -5.1176e-18
166  9.48016e-19  -5.96179e-18
167  1.17526e-18  -6.94251e-18
168  1.45134e-18  -8.0814e-18
169  1.78601e-18  -9.40344e-18
170  2.19091e-18  -1.09375e-17
171  2.67987e-18  -1.27167e-17
172  3.2693e-18  -1.47796e-17
173  3.97867e-18  -1.71704e-17
174  4.83106e-18  -1.99401e-17
175  5.8538e-18  -2.31475e-17
176  7.07921e-18  -2.68601e-17
177  8.5455e-18  -3.11558e-17
178  1.02978e-17  -3.61243e-17
179  1.23893e-17  -4.18684e-17
180  1.48828e-17  -4.85067e-17
181  1.78522e-17  -5.61751e-17
182  2.13845e-17  -6.50299e-17
183  2.55821e-17  -7.52504e-17
184  3.05654e-17  -8.70424e-17
185  3.64755e-17  -1.00642e-16
186  4.34784e-17  -1.16319e-16
187  5.17685e-17  -1.34385e-16
188  6.15739e-17  -1.55194e-16
189  7.31615e-17  -1.79152e-16
190  8.68439e-17  -2.06725e-16
191  1.02987e-16  -2.38445e-16
192  1.22017e-16  -2.74921e-16
193  1.44435e-16  -3.16847e-16
194  1.70823e-16  -3.65016e-16
195  2.0186e-16  -4.20337e-16
196  2.38342e-16  -4.83843e-16
197  2.81191e-16  -5.56713e-16
198  3.31484e-16  -6.40293e-16
199  3.90476e-16  -7.36115e-16
200  4.59624e-16  -8.45925e-16
201  5.40623e-16  -9.71709e-16
202  6.35445e-16  -1.11573e-15
203  7.46377e-16  -1.28055e-15
204  8.76076e-16  -1.46911e-15
205  1.02763e-15  -1.68471e-15
206  1.2046e-15  -1.93113e-15
207  1.41114e-15  -2.21265e-15
208  1.65204e-15  -2.53413e-15
209  1.93286e-15  -2.90105e-15
210  2.26003e-15  -3.31967e-15
211  2.64099e-15  -3.79705e-15
212  3.08432e-15  -4.34117e-15
213  3.59995e-15  -4.96109e-15
214  4.19937e-15  -5.66704e-15
215  4.89579e-15  -6.47056e-15
216  5.70449e-15  -7.38473e-15
217  6.64308e-15  -8.42427e-15
218  7.73186e-15  -9.60581e-15
219  8.99419e-15  -1.09481e-14
220  1.0457e-14  -1.24723e-14
221  1.21513e-14  -1.42021e-14
222  1.41127e-14  -1.61645e-14
223  1.63821e-14  -1.83894e-14
224  1.90067e-14  -2.09107e-14
225  2.20406e-14  -2.37666e-14
226  2.55458e-14  -2.69996e-14
227  2.95937e-14  -3.06578e-14
228  3.4266e-14  -3.47949e-14
229  3.96565e-14  -3.94711e-14
230  4.58726e-14  -4.47539e-14
231  5.30374e-14  -5.07186e-14
232  6.12918e-14  -5.74497e-14
233  7.07972e-14  -6.50414e-14
234  8.1738e-14  -7.3599e-14
235  9.43253e-14  -8.324e-14
236  1.088e-13  -9.40951e-14
237  1.25438e-13  -1.0631e-13
238  1.44554e-13  -1.20048e-13
239  1.66507e-13  -1.35488e-13
240  1.91706e-13  -1.52832e-13
241  2.20619e-13  -1.72302e-13
242  2.53779e-13  -1.94145e-13
243  2.91793e-13  -2.18635e-13
244  3.35351e-13  -2.46075e-13
245  3.85241e-13  -2.76799e-13
246  4.42359e-13  -3.11178e-13
247  5.07722e-13  -3.49621e-13
248  5.8249e-13  -3.92577e-13
249  6.67978e-13  -4.40543e-13
250  7.65682e-13  -4.94064e-13
251  8.773e-13  -5.53739e-13
252  1.00476e-12  -6.20224e-13
253  1.15024e-12  -6.9424e-13
254  1.31623e-12  -7.76574e-13
255  1.50554e-12  -8.68085e-13
256  1.72135e-12  -9.69711e-13
257  1.96726e-12  -1.08247e-12
258  2.24737e-12  -1.20748e-12
259  2.56629e-12  -1.34593e-12
260  2.92924e-12  -1.49913e-12
261  3.34214e-12  -1.66848e-12
262  3.81167e-12  -1.85549e-12
263  4.34537e-12  -2.0618e-12
264  4.95176e-12  -2.28913e-12
265  5.64046e-12  -2.53936e-12
266  6.42231e-12  -2.81445e-12
267  7.30956e-12  -3.11651e-12
268  8.31601e-12  -3.44774e-12
269  9.45719e-12  -3.81049e-12
270  1.07506e-11  -4.20717e-12
271  1.2216e-11  -4.6403e-12
272  1.38756e-11  -5.1125e-12
273  1.57542e-11  -5.62641e-12
274  1.78801e-11  -6.18472e-12
275  2.02846e-11  -6.7901e-12
276  2.30034e-11  -7.4452e-12
277  2.60761e-11  -8.15254e-12
278  2.95475e-11  -8.91448e-12
279  3.34678e-11  -9.73315e-12
280  3.78931e-11  -1.06103e-11
281  4.28866e-11  -1.15473e-11
282  4.85188e-11  -1.25448e-11
283  5.48691e-11  -1.36027e-11
284  6.2026e-11  -1.47202e-11
285  7.00888e-11  -1.5895e-11
286  7.91685e-11  -1.71236e-11
287  8.93893e-11  -1.84005e-11
288  1.0089e-10  -1.97183e-11
289  1.13826e-10  -2.1067e-11
290  1.2837e-10  -2.24335e-11
291  1.44715e-10  -2.38012e-11
292  1.63078e-10  -2.51491e-11
293  1.837e-10  -2.64513e-11
294  2.06848e-10  -2.7676e-11
295  2.32822e-10  -2.87845e-11
296  2.61955e-10  -2.97299e-11
297  2.9462e-10  -3.04561e-11
298  3.31228e-10  -3.0896e-11
299  3.7224e-10  -3.097e-11
300  4.18167e-10  -3.05838e-11
301  4.69578e-10  -2.96262e-11
302  5.27104e-10  -2.79667e-11
303  5.91448e-10  -2.54524e-11
304  6.63389e-10  -2.19047e-11
305  7.4379e-10  -1.71157e-11
306  8.33613e-10  -1.08437e-11
307  9.33919e-10  -2.80863e-12
308  1.04589e-09  7.31365e-12
309  1.17083e-09  1.98974e-11
310  1.31018e-09  3.53738e-11
311  1.46555e-09  5.42393e-11
312  1.63871e-09  7.70639e-11
313  1.83162e-09  1.04502e-10
314  2.04644e-09  1.37301e-10
315  2.28557e-09  1.76319e-10
316  2.55164e-09  2.22534e-10
317  2.84758e-09  2.77061e-10
318  3.1766e-09  3.41173e-10
319  3.54227e-09  4.16316e-10
320  3.94848e-09  5.04135e-10
321  4.39956e-09  6.06498e-10
322  4.90026e-09  7.25525e-10
323  5.45581e-09  8.63616e-10
324  6.07197e-09  1.02349e-09
325  6.75507e-09  1.20822e-09
326  7.51207e-09  1.42128e-09
327  8.35064e-09  1.6666e-09
328  9.27917e-09  1.94859e-09
329  1.03069e-08  2.27225e-09
330  1.14439e-08  2.64319e-09
331  1.27014e-08  3.06772e-09
332  1.40915e-08  3.55296e-09
333  1.56276e-08  4.10689e-09
334  1.73242e-08  4.73846e-09
335  1.91975e-08  5.45772e-09
336  2.12649e-08  6.27594e-09
337  2.35455e-08  7.20575e-09
338  2.60604e-08  8.26127e-09
339  2.88324e-08  9.45831e-09
340  3.18865e-08  1.08145e-08
341  3.525e-08  1.23497e-08
342  3.89527e-08  1.40857e-08
343  4.3027e-08  1.60474e-08
344  4.75084e-08  1.82619e-08
345  5.24354e-08  2.076e-08
346  5.785e-08  2.35755e-08
347  6.37978e-08  2.67463e-08
348  7.03286e-08  3.03146e-08
349  7.74964e-08  3.43271e-08
350  8.53598e-08  3.88358e-08
351  9.39827e-08  4.38985e-08
352  1.03434e-07  4.9579e-08
353  1.13789e-07  5.59486e-08
354  1.2513e-07  6.30858e-08
355  1.37543e-07  7.10779e-08
356  1.51125e-07  8.00214e-08
357  1.65979e-07  9.00231e-08
358  1.82217e-07  1.01201e-07
359  1.9996e-07  1.13686e-07
360  2.19338e-07  1.27622e-07
361  2.40492e-07  1.43169e-07
362  2.63575e-07  1.60501e-07
363  2.8875e-07  1.79814e-07
364  3.16195e-07  2.0132e-07
365  3.461e-07  2.25255e-07
366  3.7867e-07  2.51879e-07
367  4.14126e-07  2.81476e-07
368  4.52705e-07  3.14361e-07
369  4.94661e-07  3.50878e-07
370  5.40269e-07  3.91408e-07
371  5.89822e-07  4.36366e-07
372  6.43634e-07  4.86211e-07
373  7.02043e-07  5.41444e-07
374  7.6541e-07  6.02616e-07
375  8.3412e-07  6.7033e-07
376  9.08587e-07  7.45248e-07
377  9.8925e-07  8.28094e-07
378  1.07658e-06  9.19662e-07
379  1.17108e-06  1.02082e-06
380  1.27328e-06  1.13251e-06
381  1.38376e-06  1.25578e-06
382  1.50311e-06  1.39175e-06
383  1.63199e-06  1.54167e-06
384  1.77106e-06  1.70688e-06
385  1.92107e-06  1.88886e-06
386  2.08276e-06  2.08921e-06
387  2.25696e-06  2.30969e-06
388  2.44453e-06  2.5522e-06
389  2.64637e-06  2.81882e-06
390  2.86344e-06  3.1118e-06
391  3.09674e-06  3.43362e-06
392  3.34733e-06  3.78693e-06
393  3.61634e-06  4.17466e-06
394  3.90493e-06  4.59994e-06
395  4.21432e-06  5.06622e-06
396  4.54581e-06  5.57721e-06
397  4.90072e-06  6.13694e-06
398  5.28047e-06  6.7498e-06
399  5.6865e-06  7.42052e-06
400  6.12033e-06  8.15425e-06
401  6.58353e-06  8.95653e-06
402  7.07772e-06  9.8334e-06
403  7.60459e-06  1.07914e-05
404  8.16586e-06  1.18375e-05
405  8.76331e-06  1.29793e-05
406  9.39875e-06  1.42251e-05
407  1.00741e-05  1.55838e-05
408  1.07911e-05  1.70649e-05
409  1.15518e-05  1.86787e-05
410  1.23581e-05  2.04364e-05
411  1.32119e-05  2.23501e-05
412  1.41152e-05  2.44325e-05
413  1.50698e-05  2.66978e-05
414  1.60777e-05  2.91608e-05
415  1.71408e-05  3.18377e-05
416  1.82607e-05  3.47458e-05
417  1.94392e-05  3.79038e-05
418  2.06778e-05  4.13316e-05
419  2.19781e-05  4.50508e-05
420  2.33412e-05  4.90844e-05
421  2.47683e-05  5.34572e-05
422  2.62602e-05  5.81957e-05
423  2.78174e-05  6.33283e-05
424  2.94403e-05  6.88855e-05
425  3.11287e-05  7.48998e-05
426  3.28821e-05  8.14063e-05
427  3.46995e-05  8.84421e-05
428  3.65794e-05  9.60472e-05
429  3.85195e-05  0.000104264
430  4.05171e-05  0.000113139
431  4.25685e-05  0.000122719
432  4.46692e-05  0.000133058
433  4.68138e-05  0.00014421
434  4.89958e-05  0.000156234
435  5.12075e-05  0.000169194
436  5.34398e-05  0.000183155
437  5.56822e-05  0.00019819
438  5.79227e-05  0.000214374
439  6.01475e-05  0.000231788
440  6.23407e-05  0.000250517
441  6.44846e-05  0.000270653
442  6.65587e-05  0.000292292
443  6.85405e-05  0.000315537
444  7.04043e-05  0.000340497
445  7.21216e-05  0.000367286
446  7.36606e-05  0.000396028
447  7.49858e-05  0.000426852
448  7.60579e-05  0.000459895
449  7.68334e-05  0.000495302
450  7.72642e-05  0.000533226
451  7.72973e-05  0.00057383
452  7.68744e-05  0.000617285
453  7.59313e-05  0.000663771
454  7.43977e-05  0.00071348
455  7.21966e-05  0.000766613
456  6.92437e-05  0.000823382
457  6.54471e-05  0.000884011
458  6.07064e-05  0.000948734
459  5.49124e-05  0.0010178
460  4.79462e-05  0.00109147
461  3.96787e-05  0.00117002
462  2.99698e-05  0.00125373
463  1.86677e-05  0.00134291
464  5.60775e-06  0.00143788
465  -9.38778e-06  0.00153896
466  -2.65111e-05  0.00164651
467  -4.59698e-05  0.00176089
468  -6.79875e-05  0.00188248
469  -9.28053e-05  0.00201169
470  -0.000120683  0.00214894
471  -0.000151899  0.00229465
472  -0.000186753  0.00244929
473  -0.000225568  0.00261333
474  -0.000268688  0.00278728
475  -0.000316484  0.00297165
476  -0.000369351  0.00316698
477  -0.000427714  0.00337383
478  -0.000492026  0.00359279
479  -0.000562772  0.00382446
480  -0.000640467  0.00406949
481  -0.000725664  0.00432852
482  -0.000818951  0.00460224
483  -0.000920952  0.00489135
484  -0.00103234  0.00519658
485  -0.00115381  0.00551869
486  -0.00128613  0.00585847
487  -0.00143008  0.00621672
488  -0.00158654  0.00659429
489  -0.00175638  0.00699202
490  -0.00194057  0.00741082
491  -0.00214012  0.00785159
492  -0.00235609  0.00831529
493  -0.00258962  0.00880289
494  -0.00284191  0.00931537
495  -0.00311421  0.00985377
496  -0.00340786  0.0104191
497  -0.00372427  0.0110125
498  -0.00406491  0.0116351
499  -0.00443135  0.0122879
500  -0.00482524  0.0129721
501  -0.00524831  0.0136889
502  -0.00570236  0.0144396
503  -0.00618932  0.0152252
504  -0.00671119  0.016047
505  -0.00727008  0.0169064
506  -0.00786819  0.0178045
507  -0.00850784  0.0187427
508  -0.00919146  0.0197222
509  -0.00992157  0.0207444
510  -0.0107008  0.0218107
511  -0.011532  0.0229223
512  -0.0124181  0.0240805
513  -0.013362  0.0252868
514  -0.0143668  0.0265425
515  -0.015436  0.0278488
516  -0.016573  0.0292073
517  -0.0177812  0.0306191
518  -0.0190644  0.0320856
519  -0.0204265  0.033608
520  -0.0218716  0.0351878
521  -0.0234036  0.036826
522  -0.0250271  0.0385241
523  -0.0267465  0.040283
524  -0.0285664  0.0421041
525  -0.0304916  0.0439883
526  -0.0325272  0.0459368
527  -0.0346783  0.0479506
528  -0.0369502  0.0500306
529  -0.0393484  0.0521777
530  -0.0418786  0.0543927
531  -0.0445467  0.0566763
532  -0.0473588  0.0590292
533  -0.0503209  0.061452
534  -0.0534396  0.0639451
535  -0.0567214  0.0665088
536  -0.0601731  0.0691434
537  -0.0638015  0.071849
538  -0.067614  0.0746256
539  -0.0716177  0.077473
540  -0.0758201  0.080391
541  -0.0802289  0.083379
542  -0.0848519  0.0864365
543  -0.0896971  0.0895626
544  -0.0947727  0.0927565
545  -0.100087  0.0960169
546  -0.105649  0.0993425
547  -0.111466  0.102732
548  -0.117548  0.106183
549  -0.123904  0.109694
550  -0.130542  0.113262
551  -0.137472  0.116886
552  -0.144704  0.120562
553  -0.152246  0.124288
554  -0.160108  0.128059
555  -0.1683  0.131873
556  -0.176832  0.135726
557  -0.185713  0.139614
558  -0.194953  0.143532
559  -0.204563  0.147475
560  -0.214551  0.151438
561  -0.224929  0.155416
562  -0.235706  0.159404
563  -0.246892  0.163394
564  -0.258497  0.167381
565  -0.27053  0.171358
566  -0.283003  0.175318
567  -0.295925  0.179252
568  -0.309305  0.183154
569  -0.323153  0.187014
570  -0.337478  0.190825
571  -0.352291  0.194577
572  -0.367599  0.198261
573  -0.383413  0.201866
574  -0.39974  0.205383
575  -0.41659  0.208801
576  -0.43397  0.212109
577  -0.451889  0.215295
578  -0.470355  0.218349
579  -0.489374  0.221256
580  -0.508954  0.224006
581  -0.529102  0.226585
582  -0.549824  0.228979
583  -0.571125  0.231176
584  -0.593011  0.23316
585  -0.615488  0.234918
586  -0.638559  0.236435
587  -0.662228  0.237696
588  -0.686499  0.238685
589  -0.711374  0.239387
590  -0.736856  0.239786
591  -0.762946  0.239865
592  -0.789645  0.239609
593  -0.816954  0.238999
594  -0.844871  0.238021
595  -0.873396  0.236656
596  -0.902527  0.234886
597  -0.932261  0.232696
598  -0.962594  0.230066
599  -0.993523  0.22698
600  -1.02504  0.223419
601  -1.05714  0.219365
602  -1.08982  0.214802
603  -1.12307  0.20971
604  -1.15688  0.204073
605  -1.19124  0.197872
606  -1.22615  0.19109
607  -1.26158  0.183709
608  -1.29752  0.175711
609  -1.33398  0.167081
610  -1.37092  0.1578
611  -1.40833  0.147852
612  -1.4462  0.137222
613  -1.48451  0.125891
614  -1.52325  0.113846
615  -1.56238  0.101071
616  -1.6019  0.0875514
617  -1.64178  0.0732724
618  -1.682  0.0582207
619  -1.72254  0.042383
620  -1.76336  0.0257469
621  -1.80445  0.00830055
622  -1.84578  -0.00996733
623  -1.88733  -0.0290671
624  -1.92906  -0.0490086
625  -1.97095  -0.0698005
626  -2.01296  -0.091451
627  -2.05507  -0.113967
628  -2.09725  -0.137355
629  -2.13946  -0.161621
630  -2.18167  -0.186767
631  -2.22385  -0.212799
632  -2.26596  -0.239718
633  -2.30797  -0.267525
634  -2.34984  -0.29622
635  -2.39153  -0.325803
636  -2.43302  -0.35627
637  -2.47426  -0.387619
638  -2.51521  -0.419845
639  -2.55584  -0.452942
640  -2.59612  -0.486903
641  -2.63599  -0.521719
642  -2.67542  -0.557381
643  -2.71438  -0.593878
644  -2.75282  -0.631198
645  -2.79071  -0.669327
646  -2.828  -0.70825
647  -2.86466  -0.747951
648  -2.90065  -0.788412
649  -2.93593  -0.829614
650  -2.97046  -0.871538
651  -3.0042  -0.914162
652  -3.03712  -0.957462
653  -3.06917  -1.00142
654  -3.10033  -1.046
655  -3.13055  -1.09118
656  -3.1598  -1.13693
657  -3.18804  -1.18323
658  -3.21524  -1.23004
659  -3.24136  -1.27733
660  -3.26638  -1.32508
661  -3.29025  -1.37323
662  -3.31296  -1.42177
663  -3.33446  -1.47066
664  -3.35474  -1.51985
665  -3.37376  -1.56931
666  -3.39149  -1.619
667  -3.40792  -1.66889
668  -3.42301  -1.71893
669  -3.43675  -1.76908
670  -3.44911  -1.81929
671  -3.46008  -1.86954
672  -3.46963  -1.91976
673  -3.47775  -1.96993
674  -3.48442  -2.01999
675  -3.48963  -2.06991
676  -3.49337  -2.11963
677  -3.49562  -2.16911
678  -3.49639  -2.21831
679  -3.49565  -2.26718
680  -3.49341  -2.31568
681  -3.48966  -2.36376
682  -3.4844  -2.41137
683  -3.47763  -2.45848
684  -3.46936  -2.50502
685  -3.45958  -2.55097
686  -3.44829  -2.59628
687  -3.43552  -2.64089
688  -3.42126  -2.68478
689  -3.40553  -2.72789
690  -3.38833  -2.77019
691  -3.36969  -2.81163
692  -3.34961  -2.85217
693  -3.32812  -2.89177
694  -3.30523  -2.93039
695  -3.28097  -2.968
696  -3.25535  -3.00456
697  -3.22841  -3.04003
698  -3.20016  -3.07437
699  -3.17063  -3.10756
700  -3.13985  -3.13956
701  -3.10785  -3.17034
702  -3.07467  -3.19987
703  -3.04032  -3.22813
704  -3.00486  -3.25507
705  -2.9683  -3.28069
706  -2.9307  -3.30496
707  -2.89208  -3.32785
708  -2.85248  -3.34935
709  -2.81194  -3.36943
710  -2.7705  -3.38807
711  -2.72821  -3.40527
712  -2.6851  -3.42101
713  -2.64121  -3.43527
714  -2.5966  -3.44805
715  -2.55129  -3.45934
716  -2.50535  -3.46913
717  -2.4588  -3.47741
718  -2.4117  -3.48418
719  -2.36408  -3.48944
720  -2.31601  -3.4932
721  -2.26751  -3.49544
722  -2.21864  -3.49618
723  -2.16944  -3.49542
724  -2.11995  -3.49317
725  -2.07023  -3.48944
726  -2.02032  -3.48423
727  -1.97025  -3.47756
728  -1.92008  -3.46945
729  -1.86986  -3.4599
730  -1.81961  -3.44894
731  -1.76939  -3.43659
732  -1.71924  -3.42285
733  -1.66921  -3.40776
734  -1.61932  -3.39134
735  -1.56962  -3.37361
736  -1.52016  -3.3546
737  -1.47097  -3.33433
738  -1.42208  -3.31283
739  -1.37354  -3.29012
740  -1.32538  -3.26625
741  -1.27763  -3.24124
742  -1.23034  -3.21512
743  -1.18353  -3.18793
744  -1.13722  -3.15969
745  -1.09147  -3.13045
746  -1.04628  -3.10023
747  -1.0017  -3.06908
748  -0.957744  -3.03703
749  -0.91444  -3.00412
750  -0.871813  -2.97038
751  -0.829886  -2.93585
752  -0.788681  -2.90058
753  -0.748216  -2.86459
754  -0.708512  -2.82794
755  -0.669586  -2.79065
756  -0.631453  -2.75276
757  -0.59413  -2.71433
758  -0.557629  -2.67537
759  -0.521963  -2.63594
760  -0.487143  -2.59607
761  -0.453179  -2.5558
762  -0.420078  -2.51517
763  -0.387848  -2.47422
764  -0.356495  -2.43299
765  -0.326024  -2.3915
766  -0.296438  -2.34981
767  -0.267739  -2.30794
768  -0.239928  -2.26594
769  -0.213005  -2.22383
770  -0.18697  -2.18165
771  -0.161819  -2.13945
772  -0.13755  -2.09724
773  -0.114158  -2.05506
774  -0.0916375  -2.01296
775  -0.0699831  -1.97094
776  -0.0491873  -1.92906
777  -0.029242  -1.88733
778  -0.0101383  -1.84578
779  0.00813336  -1.80445
780  0.0255836  -1.76336
781  0.0422234  -1.72254
782  0.0580648  -1.68201
783  0.0731203  -1.64179
784  0.0874029  -1.60191
785  0.100927  -1.56239
786  0.113705  -1.52326
787  0.125754  -1.48453
788  0.137088  -1.44621
789  0.147722  -1.40834
790  0.157673  -1.37093
791  0.166957  -1.33399
792  0.175591  -1.29754
793  0.183592  -1.26159
794  0.190976  -1.22616
795  0.197762  -1.19126
796  0.203966  -1.1569
797  0.209606  -1.12309
798  0.214701  -1.08984
799  0.219268  -1.05716
800  0.223324  -1.02506
801  0.226888  -0.993544
802  0.229977  -0.962616
803  0.232609  -0.932282
804  0.234803  -0.902549
805  0.236575  -0.873418
806  0.237943  -0.844893
807  0.238924  -0.816976
808  0.239535  -0.789667
809  0.239794  -0.762968
810  0.239717  -0.736878
811  0.239321  -0.711396
812  0.238621  -0.686521
813  0.237634  -0.66225
814  0.236376  -0.63858
815  0.234861  -0.61551
816  0.233105  -0.593033
817  0.231123  -0.571147
818  0.228928  -0.549845
819  0.226536  -0.529123
820  0.223959  -0.508975
821  0.221211  -0.489395
822  0.218305  -0.470375
823  0.215254  -0.451909
824  0.212069  -0.43399
825  0.208763  -0.416609
826  0.205346  -0.399759
827  0.201831  -0.383431
828  0.198227  -0.367618
829  0.194544  -0.352309
830  0.190794  -0.337496
831  0.186984  -0.32317
832  0.183125  -0.309322
833  0.179225  -0.295941
834  0.175291  -0.28302
835  0.171333  -0.270546
836  0.167357  -0.258512
837  0.163371  -0.246907
838  0.159382  -0.23572
839  0.155395  -0.224943
840  0.151418  -0.214565
841  0.147456  -0.204576
842  0.143513  -0.194966
843  0.139597  -0.185726
844  0.13571  -0.176844
845  0.131858  -0.168312
846  0.128044  -0.16012
847  0.124274  -0.152257
848  0.120549  -0.144715
849  0.116873  -0.137483
850  0.11325  -0.130553
851  0.109682  -0.123914
852  0.106172  -0.117558
853  0.102721  -0.111476
854  0.0993327  -0.105658
855  0.0960076  -0.100096
856  0.0927477  -0.0947813
857  0.0895543  -0.0897054
858  0.0864286  -0.0848599
859  0.0833716  -0.0802366
860  0.080384  -0.0758275
861  0.0774664  -0.0716248
862  0.0746194  -0.0676209
863  0.0718431  -0.0638082
864  0.0691379  -0.0601795
865  0.0665036  -0.0567276
866  0.0639401  -0.0534455
867  0.0614474  -0.0503266
868  0.0590249  -0.0473642
869  0.0566722  -0.044552
870  0.0543888  -0.0418837
871  0.052174  -0.0393532
872  0.0500271  -0.0369548
873  0.0479474  -0.0346827
874  0.0459338  -0.0325315
875  0.0439855  -0.0304957
876  0.0421014  -0.0285703
877  0.0402805  -0.0267502
878  0.0385217  -0.0250307
879  0.0368239  -0.0234071
880  0.0351858  -0.0218748
881  0.0336061  -0.0204297
882  0.0320838  -0.0190674
883  0.0306174  -0.017784
884  0.0292057  -0.0165757
885  0.0278474  -0.0154386
886  0.0265411  -0.0143693
887  0.0252856  -0.0133643
888  0.0240794  -0.0124203
889  0.0229212  -0.0115342
890  0.0218097  -0.0107029
891  0.0207435  -0.00992349
892  0.0197214  -0.00919328
893  0.0187419  -0.00850958
894  0.0178038  -0.00786984
895  0.0169057  -0.00727164
896  0.0160464  -0.00671268
897  0.0152246  -0.00619073
898  0.014439  -0.0057037
899  0.0136885  -0.00524957
900  0.0129717  -0.00482645
901  0.0122875  -0.00443249
902  0.0116347  -0.00406599
903  0.0110122  -0.00372529
904  0.0104188  -0.00340882
905  0.00985348  -0.00311512
906  0.00931511  -0.00284277
907  0.00880265  -0.00259044
908  0.00831508  -0.00235686
909  0.0078514  -0.00214085
910  0.00741064  -0.00194126
911  0.00699186  -0.00175703
912  0.00659414  -0.00158715
913  0.00621659  -0.00143066
914  0.00585835  -0.00128667
915  0.00551859  -0.00115432
916  0.00519648  -0.00103282
917  0.00489126  -0.000921406
918  0.00460216  -0.000819377
919  0.00432845  -0.000726065
920  0.00406943  -0.000640844
921  0.00382441  -0.000563126
922  0.00359274  -0.000492359
923  0.00337379  -0.000428027
924  0.00316694  -0.000369644
925  0.00297162  -0.000316759
926  0.00278726  -0.000268946
927  0.00261331  -0.00022581
928  0.00244927  -0.00018698
929  0.00229464  -0.000152111
930  0.00214893  -0.000120882
931  0.00201169  -9.29917e-05
932  0.00188248  -6.81619e-05
933  0.00176089  -4.61329e-05
934  0.00164651  -2.66637e-05
935  0.00153896  -9.53037e-06
936  0.00143788  5.47452e-06
937  0.00134291  1.85432e-05
938  0.00125373  2.98537e-05
939  0.00117002  3.95703e-05
940  0.00109148  4.78451e-05
941  0.00101781  5.48181e-05
942  0.00094874  6.06185e-05
943  0.000884017  6.53652e-05
944  0.000823388  6.91674e-05
945  0.00076662  7.21256e-05
946  0.000713487  7.43316e-05
947  0.000663778  7.58698e-05
948  0.000617292  7.68172e-05
949  0.000573837  7.72442e-05
950  0.000533233  7.72148e-05
951  0.000495309  7.67875e-05
952  0.000459902  7.60152e-05
953  0.000426859  7.49462e-05
954  0.000396035  7.36239e-05
955  0.000367293  7.20876e-05
956  0.000340503  7.03727e-05
957  0.000315543  6.85112e-05
958  0.000292298  6.65316e-05
959  0.000270659  6.44595e-05
960  0.000250523  6.23175e-05
961  0.000231793  6.0126e-05
962  0.000214379  5.79029e-05
963  0.000198195  5.56638e-05
964  0.00018316  5.34228e-05
965  0.000169198  5.11918e-05
966  0.000156239  4.89814e-05
967  0.000144214  4.68005e-05
968  0.000133062  4.46569e-05
969  0.000122723  4.25571e-05
970  0.000113143  4.05066e-05
971  0.000104268  3.85099e-05
972  9.60506e-05  3.65705e-05
973  8.84453e-05  3.46913e-05
974  8.14093e-05  3.28746e-05
975  7.49027e-05  3.11218e-05
976  6.88882e-05  2.94339e-05
977  6.33309e-05  2.78115e-05
978  5.81981e-05  2.62548e-05
979  5.34595e-05  2.47633e-05
980  4.90866e-05  2.33367e-05
981  4.50528e-05  2.19739e-05
982  4.13335e-05  2.0674e-05
983  3.79056e-05  1.94357e-05
984  3.47475e-05  1.82575e-05
985  3.18393e-05  1.71378e-05
986  2.91623e-05  1.6075e-05
987  2.66992e-05  1.50673e-05
988  2.44338e-05  1.41129e-05
989  2.23513e-05  1.32098e-05
990  2.04376e-05  1.23562e-05
991  1.86798e-05  1.15501e-05
992  1.70659e-05  1.07895e-05
993  1.55847e-05  1.00726e-05
994  1.4226e-05  9.39744e-06
995  1.29801e-05  8.76211e-06
996  1.18382e-05  8.16477e-06
997  1.07921e-05  7.60359e-06
998  9.83406e-06  7.07681e-06
999  8.95714e-06  6.5827e-06
1000  8.15481e-06  6.11957e-06
1001  7.42105e-06  5.68581e-06
1002  6.75029e-06  5.27984e-06
1003  6.1374e-06  4.90015e-06
1004  5.57763e-06  4.54529e-06
1005  5.06661e-06  4.21385e-06
1006  4.6003e-06  3.9045e-06
1007  4.17499e-06  3.61595e-06
1008  3.78724e-06  3.34698e-06
1009  3.4339e-06  3.09642e-06
1010  3.11207e-06  2.86315e-06
1011  2.81906e-06  2.64611e-06
1012  2.55243e-06  2.4443e-06
1013  2.3099e-06  2.25675e-06
1014  2.08941e-06  2.08257e-06
1015  1.88904e-06  1.92089e-06
1016  1.70704e-06  1.7709e-06
1017  1.54182e-06  1.63184e-06
1018  1.39189e-06  1.50298e-06
1019  1.2559e-06  1.38364e-06
1020  1.13263e-06  1.27318e-06
1021  1.02093e-06  1.17099e-06
1022  9.19761e-07  1.0765e-06
1023  8.28186e-07  9.89174e-07
1024  7.45332e-07  9.08518e-07
1025  6.70407e-07  8.34058e-07
1026  6.02687e-07  7.65354e-07
1027  5.41509e-07  7.01993e-07
1028  4.86271e-07  6.43589e-07
1029  4.36421e-07  5.89782e-07
1030  3.91458e-07  5.40233e-07
1031  3.50924e-07  4.94629e-07
1032  3.14403e-07  4.52676e-07
1033  2.81514e-07  4.141e-07
1034  2.51914e-07  3.78647e-07
1035  2.25287e-07  3.46079e-07
1036  2.01349e-07  3.16177e-07
1037  1.7984e-07  2.88734e-07
1038  1.60526e-07  2.6356e-07
1039  1.43191e-07  2.40479e-07
1040  1.27642e-07  2.19326e-07
1041  1.13705e-07  1.99949e-07
1042  1.01218e-07  1.82208e-07
1043  9.00384e-08  1.65971e-07
1044  8.00354e-08  1.51118e-07
1045  7.10906e-08  1.37536e-07
1046  6.30974e-08  1.25124e-07
1047  5.59591e-08  1.13784e-07
1048  4.95886e-08  1.0343e-07
1049  4.39072e-08  9.39786e-08
1050  3.88437e-08  8.53562e-08
1051  3.43343e-08  7.74932e-08
1052  3.03211e-08  7.03258e-08
1053  2.67522e-08  6.37953e-08
1054  2.35808e-08  5.78478e-08
1055  2.07648e-08  5.24335e-08
1056  1.82663e-08  4.75067e-08
1057  1.60513e-08  4.30256e-08
1058  1.40894e-08  3.89514e-08
1059  1.23529e-08  3.52489e-08
1060  1.08175e-08  3.18855e-08
1061  9.46098e-09  2.88315e-08
1062  8.26369e-09  2.60596e-08
1063  7.20794e-09  2.35448e-08
1064  6.27791e-09  2.12643e-08
1065  5.4595e-09  1.9197e-08
1066  4.74006e-09  1.73238e-08
1067  4.10833e-09  1.56272e-08
1068  3.55427e-09  1.40912e-08
1069  3.0689e-09  1.27011e-08
1070  2.64425e-09  1.14437e-08
1071  2.2732e-09  1.03067e-08
1072  1.94945e-09  9.27899e-09
1073  1.66737e-09  8.35048e-09
1074  1.42198e-09  7.51194e-09
1075  1.20885e-09  6.75495e-09
1076  1.02405e-09  6.07187e-09
1077  8.64121e-10  5.45573e-09
1078  7.25979e-10  4.90019e-09
1079  6.06906e-10  4.3995e-09
1080  5.04501e-10  3.94843e-09
1081  4.16644e-10  3.54223e-09
1082  3.41467e-10  3.17657e-09
1083  2.77325e-10  2.84755e-09
1084  2.2277e-10  2.55162e-09
1085  1.76531e-10  2.28555e-09
1086  1.37491e-10  2.04643e-09
1087  1.04671e-10  1.83161e-09
1088  7.72158e-11  1.63871e-09
1089  5.43751e-11  1.46555e-09
1090  3.54952e-11  1.31018e-09
1091  2.00058e-11  1.17083e-09
1092  7.41056e-12  1.04589e-09
1093  -2.7221e-12  9.3392e-10
1094  -1.07665e-11  8.33614e-10
1095  -1.70468e-11  7.43792e-10
1096  -2.18433e-11  6.63391e-10
1097  -2.53976e-11  5.9145e-10
1098  -2.79179e-11  5.27107e-10
1099  -2.95827e-11  4.6958e-10
1100  -3.05451e-11  4.1817e-10
1101  -3.09355e-11  3.72243e-10
1102  -3.08653e-11  3.31231e-10
1103  -3.04288e-11  2.94622e-10
1104  -2.97056e-11  2.61958e-10
1105  -2.87629e-11  2.32825e-10
1106  -2.76569e-11  2.0685e-10
1107  -2.64343e-11  1.83702e-10
1108  -2.5134e-11  1.63081e-10
1109  -2.37878e-11  1.44717e-10
1110  -2.24216e-11  1.28372e-10
1111  -2.10565e-11  1.13828e-10
1112  -1.9709e-11  1.00892e-10
1113  -1.83922e-11  8.93911e-11
1114  -1.71163e-11  7.91701e-11
1115  -1.58885e-11  7.00903e-11
1116  -1.47145e-11  6.20274e-11
1117  -1.35976e-11  5.48704e-11
1118  -1.25403e-11  4.852e-11
1119  -1.15433e-11  4.28876e-11
1120  -1.06068e-11  3.78941e-11
1121  -9.73005e-12  3.34687e-11
1122  -8.91175e-12  2.95484e-11
1123  -8.15013e-12  2.60769e-11
1124  -7.44307e-12  2.30041e-11
1125  -6.78822e-12  2.02853e-11
1126  -6.18306e-12  1.78806e-11
1127  -5.62495e-12  1.57547e-11
1128  -5.11121e-12  1.3876e-11
1129  -4.63917e-12  1.22164e-11
1130  -4.20617e-12  1.0751e-11
1131  -3.80961e-12  9.45754e-12
1132  -3.44697e-12  8.31633e-12
1133  -3.11583e-12  7.30985e-12
1134  -2.81385e-12  6.42257e-12
1135  -2.53883e-12  5.64069e-12
1136  -2.28867e-12  4.95197e-12
1137  -2.06139e-12  4.34556e-12
1138  -1.85514e-12  3.81184e-12
1139  -1.66817e-12  3.3423e-12
1140  -1.49886e-12  2.92938e-12
1141  -1.34569e-12  2.56641e-12
1142  -1.20727e-12  2.24748e-12
1143  -1.08229e-12  1.96736e-12
1144  -9.69552e-13  1.72144e-12
1145  -8.67946e-13  1.50562e-12
1146  -7.76452e-13  1.3163e-12
1147  -6.94134e-13  1.15031e-12
1148  -6.20131e-13  1.00481e-12
1149  -5.53657e-13  8.77351e-13
1150  -4.93993e-13  7.65728e-13
1151  -4.40481e-13  6.68019e-13
1152  -3.92523e-13  5.82526e-13
1153  -3.49574e-13  5.07755e-13
1154  -3.11137e-13  4.42387e-13
1155  -2.76763e-13  3.85267e-13
1156  -2.46044e-13  3.35374e-13
1157  -2.18608e-13  2.91813e-13
1158  -1.94122e-13  2.53797e-13
1159  -1.72282e-13  2.20635e-13
1160  -1.52815e-13  1.9172e-13
1161  -1.35473e-13  1.66519e-13
1162  -1.20035e-13  1.44565e-13
1163  -1.06299e-13  1.25448e-13
1164  -9.4085e-14  1.08809e-13
1165  -8.32312e-14  9.4333e-14
1166  -7.35915e-14  8.17448e-14
1167  -6.50349e-14  7.08032e-14
1168  -5.7444e-14  6.12972e-14
1169  -5.07137e-14  5.30421e-14
1170  -4.47496e-14  4.58768e-14
1171  -3.94675e-14  3.96602e-14
1172  -3.47918e-14  3.42693e-14
1173  -3.06551e-14  2.95966e-14
1174  -2.69972e-14  2.55483e-14
1175  -2.37645e-14  2.20428e-14
1176  -2.09089e-14  1.90087e-14
1177  -1.83878e-14  1.63838e-14
1178  -1.61632e-14  1.41142e-14
1179  -1.4201e-14  1.21526e-14
1180  -1.24713e-14  1.04582e-14
1181  -1.09473e-14  8.99521e-15
1182  -9.6051e-15  7.73275e-15
1183  -8.42365e-15  6.64386e-15
1184  -7.3842e-15  5.70518e-15
1185  -6.47011e-15  4.89639e-15
1186  -5.66665e-15  4.19989e-15
1187  -4.96076e-15  3.60041e-15
1188  -4.34089e-15  3.08472e-15
1189  -3.7968e-15  2.64134e-15
1190  -3.31947e-15  2.26034e-15
1191  -2.90088e-15  1.93313e-15
1192  -2.53397e-15  1.65227e-15
1193  -2.21252e-15  1.41134e-15
1194  -1.93102e-15  1.20478e-15
1195  -1.68462e-15  1.02778e-15
1196  -1.46903e-15  8.76212e-16
1197  -1.28048e-15  7.46495e-16
1198  -1.11567e-15  6.35548e-16
1199  -9.71659e-16  5.40713e-16
1200  -8.45882e-16  4.59702e-16
1201  -7.36079e-16  3.90544e-16
1202  -6.40262e-16  3.31544e-16
1203  -5.56687e-16  2.81242e-16
1204  -4.83821e-16  2.38387e-16
1205  -4.20318e-16  2.01899e-16
1206  -3.65001e-16  1.70856e-16
1207  -3.16833e-16  1.44464e-16
1208  -2.7491e-16  1.22043e-16
1209  -2.38436e-16  1.03009e-16
1210  -2.06717e-16  8.6863e-17
1211  -1.79145e-16  7.31781e-17
1212  -1.55188e-16  6.15882e-17
1213  -1.3438e-16  5.17809e-17
1214  -1.16315e-16  4.34891e-17
1215  -1.00638e-16  3.64848e-17
1216  -8.70395e-17  3.05734e-17
1217  -7.5248e-17  2.55891e-17
1218  -6.50279e-17  2.13905e-17
1219  -5.61735e-17  1.78574e-17
1220  -4.85053e-17  1.48873e-17
1221  -4.18673e-17  1.23932e-17
1222  -3.61233e-17  1.03011e-17
1223  -3.1155e-17  8.54839e-18
1224  -2.68594e-17  7.0817e-18
1225  -2.31469e-17  5.85595e-18
1226  -1.99397e-17  4.83291e-18
1227  -1.71701e-17  3.98026e-18
1228  -1.47793e-17  3.27067e-18
1229  -1.27165e-17  2.68105e-18
1230  -1.09373e-17  2.19193e-18
1231  -9.40327e-18  1.78688e-18
1232  -8.08127e-18  1.45209e-18
1233  -6.9424e-18  1.17591e-18
1234  -5.9617e-18  9.48568e-19
1235  -5.11753e-18  7.61862e-19
1236  -4.39118e-18  6.08907e-19
1237  -3.76645e-18  4.83941e-19
1238  -3.22935e-18  3.82143e-19
1239  -2.76775e-18  2.99487e-19
1240  -2.37121e-18  2.32614e-19
1241  -2.03069e-18  1.78726e-19
1242  -1.7384e-18  1.35496e-19
1243  -1.4876e-18  1.00993e-19
1244  -1.27248e-18  7.36132e-20
1245  -1.08805e-18  5.20328e-20
1246  -9.29992e-19  3.51569e-20
1247  -7.94584e-19  2.20835e-20
1248  -6.78627e-19  1.20709e-20
1249  -5.79368e-19  4.51065e-21
1250  -4.94434e-19  -1.09502e-21
1251  -4.21788e-19  -5.15226e-21
1252  -3.59675e-19  -7.99137e-21
1253  -3.0659e-19  -9.8801e-21
1254  -2.61239e-19  -1.10346e-20
1255  -2.22509e-19  -1.16288e-20
1256  -1.89448e-19  -1.18016e-20
1257  -1.61236e-19  -1.16638e-20
1258  -1.37172e-19  -1.13029e-20
1259  -1.16654e-19  -1.07877e-20
1260  -9.91666e-20  -1.01716e-20
1261  -8.42678e-20  -9.49588e-21
1262  -7.15795e-20  -8.79178e-21
1263  -6.0778e-20  -8.08279e-21
1264  -5.15863e-20  -7.38609e-21
1265  -4.37676e-20  -6.71391e-21
1266  -3.71194e-20  -6.0746e-21
1267  -3.14688e-20  -5.47352e-21
1268  -2.66679e-20  -4.9137e-21
1269  -2.25906e-20  -4.39644e-21
1270  -1.91291e-20  -3.92172e-21
1271  -1.61917e-20  -3.48858e-21
1272  -1.37e-20  -3.09539e-21
1273  -1.15871e-20  -2.74007e-21
1274  -9.79626e-21  -2.42026e-21
1275  -8.27892e-21  -2.13344e-21
1276  -6.99383e-21  -1.87706e-21
1277  -5.90588e-21  -1.64855e-21
1278  -4.9852e-21  -1.44544e-21
1279  -4.20637e-21  -1.26535e-21
1280  -3.54781e-21  -1.10605e-21
1281  -2.99116e-21  -9.65431e-22
1282  -2.52085e-21  -8.41555e-22
1283  -2.12363e-21  -7.32631e-22
1284  -1.78829e-21  -6.37022e-22
1285  -1.5053e-21  -5.53238e-22
1286  -1.26658e-21  -4.79932e-22
1287  -1.06529e-21  -4.15888e-22
1288  -8.95628e-22  -3.60013e-22
1289  -7.52682e-22  -3.11332e-22
1290  -6.32294e-22  -2.68971e-22
1291  -5.30946e-22  -2.32155e-22
1292  -4.45661e-22  -2.00196e-22
1293  -3.73922e-22  -1.72484e-22
1294  -3.13603e-22  -1.48481e-22
1295  -2.62906e-22  -1.27711e-22
1296  -2.20314e-22  -1.09757e-22
1297  -1.84545e-22  -9.42528e-23
1298  -1.5452e-22  -8.08761e-23
1299  -1.29326e-22  -6.93457e-23
1300  -1.08195e-22  -5.94153e-23
1301  -9.0478e-23  -5.08703e-23
1302  -7.56308e-23  -4.35236e-23
1303  -6.31933e-23  -3.72122e-23
1304  -5.27788e-23  -3.17944e-23
1305  -4.40619e-23  -2.71474e-23
1306  -3.6769e-23  -2.31645e-23
1307  -3.06701e-23  -1.97533e-23
1308  -2.55718e-23  -1.68338e-23
1309  -2.13118e-23  -1.4337e-23
1310  -1.77537e-23  -1.2203e-23
1311  -1.47833e-23  -1.03804e-23
1312  -1.23044e-23  -8.82484e-24
1313  -1.02367e-23  -7.498e-24
1314  -8.51273e-24  -6.36699e-24
1315  -7.07593e-24  -5.40352e-24
1316  -5.87901e-24  -4.58328e-24
1317  -4.88235e-24  -3.8854e-24
1318  -4.05283e-24  -3.29198e-24
1319  -3.36272e-24  -2.78769e-24
1320  -2.78884e-24  -2.35939e-24
1321  -2.31183e-24  -1.99584e-24
1322  -1.91553e-24  -1.68743e-24
1323  -1.58642e-24  -1.42593e-24
1324  -1.31324e-24  -1.20435e-24
1325  -1.08659e-24  -1.01668e-24
1326  -8.98627e-25  -8.57819e-25
1327  -7.42823e-25  -7.23423e-25
1328  -6.13735e-25  -6.09781e-25
1329  -5.06833e-25  -5.1374e-25
1330  -4.18346e-25  -4.32615e-25
1331  -3.45137e-25  -3.64125e-25
1332  -2.84597e-25  -3.06332e-25
1333  -2.34557e-25  -2.57589e-25
1334  -1.93218e-25  -2.165e-25
1335  -1.59083e-25  -1.8188e-25
1336  -1.3091e-25  -1.52725e-25
1337  -1.0767e-25  -1.28184e-25
1338  -8.85086e-26  -1.07537e-25
1339  -7.27183e-26  -9.01749e-26
1340  -5.97127e-26  -7.55815e-26
1341  -4.90063e-26  -6.33212e-26
1342  -4.01971e-26  -5.3026e-26
1343  -3.29529e-26  -4.43848e-26
1344  -2.69989e-26  -3.71353e-26
1345  -2.21079e-26  -3.10562e-26
1346  -1.80923e-26  -2.59608e-26
1347  -1.47972e-26  -2.1692e-26
1348  -1.2095e-26  -1.81172e-26
1349  -9.88023e-27  -1.5125e-26
1350  -8.06596e-27  -1.26215e-26
1351  -6.58068e-27  -1.05279e-26
1352  -5.36543e-27  -8.77778e-27
1353  -4.37174e-27  -7.3155e-27
1354  -3.5597e-27  -6.09423e-27
1355  -2.89652e-27  -5.0747e-27
1356  -2.35525e-27  -4.22395e-27
1357  -1.91377e-27  -3.51435e-27
1358  -1.55391e-27  -2.92273e-27
1359  -1.26079e-27  -2.4297e-27
1360  -1.02218e-27  -2.019e-27
1361  -8.28081e-28  -1.67702e-27
1362  -6.70305e-28  -1.3924e-27
1363  -5.42146e-28  -1.1556e-27
1364  -4.3812e-28  -9.58684e-28
1365  -3.53748e-28  -7.94995e-28
1366  -2.85369e-28  -6.58986e-28
1367  -2.29995e-28  -5.46023e-28
1368  -1.8519e-28  -4.5224e-28
1369  -1.48966e-28  -3.74414e-28
1370  -1.19706e-28  -3.09855e-28
