#tstp   Ax    Ay
-1  0  0
0  -8.35757e-31  -2.86618e-31
1  -1.01911e-30  -3.60927e-31
2  -1.24219e-30  -4.53963e-31
3  -1.5135e-30  -5.70331e-31
4  -1.84332e-30  -7.15746e-31
5  -2.24411e-30  -8.97292e-31
6  -2.73093e-30  -1.12375e-30
7  -3.32201e-30  -1.40598e-30
8  -4.03939e-30  -1.75742e-30
9  -4.90968e-30  -2.1947e-30
10  -5.96504e-30  -2.73835e-30
11  -7.24429e-30  -3.41372e-30
12  -8.79426e-30  -4.25209e-30
13  -1.06715e-29  -5.29204e-30
14  -1.2944e-29  -6.58108e-30
15  -1.56941e-29  -8.17778e-30
16  -1.90204e-29  -1.01542e-29
17  -2.30422e-29  -1.25989e-29
18  -2.79027e-29  -1.56209e-29
19  -3.37743e-29  -1.93541e-29
20  -4.08642e-29  -2.39628e-29
21  -4.94216e-29  -2.96489e-29
22  -5.97455e-29  -3.66598e-29
23  -7.21953e-29  -4.52988e-29
24  -8.72021e-29  -5.59377e-29
25  -1.05283e-28  -6.90317e-29
26  -1.27058e-28  -8.51378e-29
27  -1.5327e-28  -1.04938e-28
28  -1.84809e-28  -1.29264e-28
29  -2.22741e-28  -1.59136e-28
30  -2.68341e-28  -1.95796e-28
31  -3.23132e-28  -2.40762e-28
32  -3.88939e-28  -2.95888e-28
33  -4.67938e-28  -3.63431e-28
34  -5.6273e-28  -4.46144e-28
35  -6.7642e-28  -5.47383e-28
36  -8.12709e-28  -6.71232e-28
37  -9.76013e-28  -8.22661e-28
38  -1.17159e-27  -1.00772e-27
39  -1.40571e-27  -1.23376e-27
40  -1.68583e-27  -1.50972e-27
41  -2.02083e-27  -1.84646e-27
42  -2.42124e-27  -2.25716e-27
43  -2.89962e-27  -2.75782e-27
44  -3.47085e-27  -3.36786e-27
45  -4.15261e-27  -4.11079e-27
46  -4.96587e-27  -5.01516e-27
47  -5.93548e-27  -6.11551e-27
48  -7.09091e-27  -7.45368e-27
49  -8.46704e-27  -9.08031e-27
50  -1.01051e-26  -1.10567e-26
51  -1.2054e-26  -1.34568e-26
52  -1.43714e-26  -1.63704e-26
53  -1.71254e-26  -1.99054e-26
54  -2.03965e-26  -2.41926e-26
55  -2.42795e-26  -2.93897e-26
56  -2.88863e-26  -3.56869e-26
57  -3.43487e-26  -4.33138e-26
58  -4.08215e-26  -5.25468e-26
59  -4.84873e-26  -6.37195e-26
60  -5.75603e-26  -7.72332e-26
61  -6.82922e-26  -9.35714e-26
62  -8.09784e-26  -1.13316e-25
63  -9.59651e-26  -1.37166e-25
64  -1.13658e-25  -1.65964e-25
65  -1.34532e-25  -2.0072e-25
66  -1.59142e-25  -2.42649e-25
67  -1.88137e-25  -2.93211e-25
68  -2.22275e-25  -3.54156e-25
69  -2.62439e-25  -4.27586e-25
70  -3.09657e-25  -5.16022e-25
71  -3.65127e-25  -6.22483e-25
72  -4.30242e-25  -7.50591e-25
73  -5.06617e-25  -9.04682e-25
74  -5.96129e-25  -1.08995e-24
75  -7.00949e-25  -1.31261e-24
76  -8.23592e-25  -1.58009e-24
77  -9.6696e-25  -1.9013e-24
78  -1.13441e-24  -2.28685e-24
79  -1.32979e-24  -2.74944e-24
80  -1.55756e-24  -3.30425e-24
81  -1.8228e-24  -3.96939e-24
82  -2.13138e-24  -4.76646e-24
83  -2.48998e-24  -5.72126e-24
84  -2.90626e-24  -6.86451e-24
85  -3.38891e-24  -8.23287e-24
86  -3.94785e-24  -9.86999e-24
87  -4.59433e-24  -1.18279e-23
88  -5.34104e-24  -1.41684e-23
89  -6.20234e-24  -1.69653e-23
90  -7.19435e-24  -2.03061e-23
91  -8.33513e-24  -2.4295e-23
92  -9.64486e-24  -2.90559e-23
93  -1.11459e-23  -3.47358e-23
94  -1.28631e-23  -4.15095e-23
95  -1.48236e-23  -4.95844e-23
96  -1.70571e-23  -5.92065e-23
97  -1.9596e-23  -7.06679e-23
98  -2.24747e-23  -8.43145e-23
99  -2.573e-23  -1.00557e-22
100  -2.94005e-23  -1.1988e-22
101  -3.35256e-23  -1.42861e-22
102  -3.81453e-23  -1.7018e-22
103  -4.32984e-23  -2.02643e-22
104  -4.90209e-23  -2.41204e-22
105  -5.53438e-23  -2.8699e-22
106  -6.229e-23  -3.41333e-22
107  -6.98704e-23  -4.05808e-22
108  -7.80786e-23  -4.82272e-22
109  -8.68844e-23  -5.7292e-22
110  -9.62255e-23  -6.8034e-22
111  -1.05997e-22  -8.07585e-22
112  -1.16038e-22  -9.58255e-22
113  -1.26114e-22  -1.13659e-21
114  -1.359e-22  -1.34759e-21
115  -1.44948e-22  -1.59714e-21
116  -1.52662e-22  -1.89217e-21
117  -1.58256e-22  -2.24082e-21
118  -1.60702e-22  -2.65268e-21
119  -1.58678e-22  -3.13902e-21
120  -1.50489e-22  -3.71309e-21
121  -1.33981e-22  -4.39042e-21
122  -1.06434e-22  -5.18931e-21
123  -6.44246e-23  -6.13117e-21
124  -3.67378e-24  -7.24117e-21
125  8.11533e-23  -8.5488e-21
126  1.9668e-22  -1.00886e-20
127  3.51102e-22  -1.19012e-20
128  5.54531e-22  -1.4034e-20
129  8.19409e-22  -1.65426e-20
130  1.16101e-21  -1.9492e-20
131  1.59802e-21  -2.29583e-20
132  2.15328e-21  -2.70305e-20
133  2.85465e-21  -3.18127e-20
134  3.73601e-21  -3.74263e-20
135  4.83854e-21  -4.40133e-20
136  6.21216e-21  -5.17395e-20
137  7.91733e-21  -6.07982e-20
138  1.00271e-20  -7.14151e-20
139  1.26299e-20  -8.38533e-20
140  1.58319e-20  -9.84192e-20
141  1.97613e-20  -1.1547e-19
142  2.45722e-20  -1.35422e-19
143  3.04497e-20  -1.5876e-19
144  3.76158e-20  -1.86046e-19
145  4.63368e-20  -2.17936e-19
146  5.69312e-20  -2.55192e-19
147  6.97802e-20  -2.987e-19
148  8.53394e-20  -3.49487e-19
149  1.04152e-19  -4.08748e-19
150  1.26867e-19  -4.7787e-19
151  1.54257e-19  -5.58459e-19
152  1.87242e-19  -6.5238e-19
153  2.26915e-19  -7.61795e-19
154  2.74578e-19  -8.89206e-19
155  3.31774e-19  -1.03751e-18
156  4.00338e-19  -1.21008e-18
157  4.82442e-19  -1.41078e-18
158  5.80662e-19  -1.6441e-18
159  6.98046e-19  -1.91525e-18
160  8.38202e-19  -2.23023e-18
161  1.0054e-18  -2.59595e-18
162  1.20467e-18  -3.02043e-18
163  1.44197e-18  -3.5129e-18
164  1.72432e-18  -4.08401e-18
165  2.06e-18  -4.74604e-18
166  2.45876e-18  -5.51313e-18
167  2.93211e-18  -6.4016e-18
168  3.49355e-18  -7.4302e-18
169  4.15899e-18  -8.62053e-18
170  4.94714e-18  -9.99745e-18
171  5.87996e-18  -1.15895e-17
172  6.98324e-18  -1.34295e-17
173  8.28724e-18  -1.55552e-17
174  9.82746e-18  -1.80098e-17
175  1.16455e-17  -2.08431e-17
176  1.37901e-17  -2.41119e-17
177  1.63183e-17  -2.78817e-17
178  1.92968e-17  -3.22272e-17
179  2.28038e-17  -3.72341e-17
180  2.69305e-17  -4.30007e-17
181  3.17835e-17  -4.96391e-17
182  3.74874e-17  -5.72777e-17
183  4.41873e-17  -6.60633e-17
184  5.20529e-17  -7.61634e-17
185  6.12816e-17  -8.77695e-17
186  7.21037e-17  -1.011e-16
187  8.47873e-17  -1.16404e-16
188  9.96445e-17  -1.33965e-16
189  1.17038e-16  -1.54107e-16
190  1.37391e-16  -1.77199e-16
191  1.61194e-16  -2.0366e-16
192  1.89018e-16  -2.33966e-16
193  2.21523e-16  -2.6866e-16
194  2.5948e-16  -3.08357e-16
195  3.03779e-16  -3.53758e-16
196  3.55454e-16  -4.05656e-16
197  4.15705e-16  -4.64952e-16
198  4.85918e-16  -5.32665e-16
199  5.67702e-16  -6.09951e-16
200  6.62916e-16  -6.9812e-16
201  7.73713e-16  -7.98651e-16
202  9.0258e-16  -9.13217e-16
203  1.0524e-15  -1.04371e-15
204  1.22648e-15  -1.19227e-15
205  1.42867e-15  -1.36129e-15
206  1.6634e-15  -1.55351e-15
207  1.93577e-15  -1.77197e-15
208  2.25167e-15  -2.02013e-15
209  2.6179e-15  -2.30187e-15
210  3.04228e-15  -2.62154e-15
211  3.53381e-15  -2.98403e-15
212  4.10288e-15  -3.39486e-15
213  4.76141e-15  -3.86018e-15
214  5.52312e-15  -4.38692e-15
215  6.4038e-15  -4.98279e-15
216  7.42157e-15  -5.65648e-15
217  8.59726e-15  -6.41764e-15
218  9.95477e-15  -7.2771e-15
219  1.15215e-14  -8.24691e-15
220  1.3329e-14  -9.34051e-15
221  1.54133e-14  -1.05729e-14
222  1.78158e-14  -1.19606e-14
223  2.05838e-14  -1.35223e-14
224  2.37717e-14  -1.52784e-14
225  2.74414e-14  -1.72516e-14
226  3.1664e-14  -1.94672e-14
227  3.65209e-14  -2.1953e-14
228  4.21049e-14  -2.47397e-14
229  4.85221e-14  -2.78613e-14
230  5.58939e-14  -3.13551e-14
231  6.43585e-14  -3.5262e-14
232  7.4074e-14  -3.96272e-14
233  8.52206e-14  -4.44999e-14
234  9.80038e-14  -4.9934e-14
235  1.12658e-13  -5.59883e-14
236  1.29449e-13  -6.27269e-14
237  1.48682e-13  -7.02194e-14
238  1.70703e-13  -7.8541e-14
239  1.95904e-13  -8.77731e-14
240  2.24735e-13  -9.80035e-14
241  2.57703e-13  -1.09326e-13
242  2.95387e-13  -1.21842e-13
243  3.38444e-13  -1.35658e-13
244  3.87621e-13  -1.50888e-13
245  4.43765e-13  -1.67652e-13
246  5.07836e-13  -1.86076e-13
247  5.80923e-13  -2.06291e-13
248  6.64263e-13  -2.28431e-13
249  7.59255e-13  -2.52635e-13
250  8.67485e-13  -2.79043e-13
251  9.90746e-13  -3.07794e-13
252  1.13107e-12  -3.39024e-13
253  1.29076e-12  -3.72862e-13
254  1.47241e-12  -4.09426e-13
255  1.67895e-12  -4.48821e-13
256  1.91372e-12  -4.91126e-13
257  2.18044e-12  -5.36395e-13
258  2.48337e-12  -5.84641e-13
259  2.82726e-12  -6.35829e-13
260  3.21751e-12  -6.89864e-13
261  3.66018e-12  -7.46572e-13
262  4.16212e-12  -8.05686e-13
263  4.73105e-12  -8.66824e-13
264  5.37563e-12  -9.29461e-13
265  6.10564e-12  -9.92905e-13
266  6.93207e-12  -1.05626e-12
267  7.86729e-12  -1.11838e-12
268  8.9252e-12  -1.17783e-12
269  1.01214e-11  -1.23285e-12
270  1.14735e-11  -1.28123e-12
271  1.30011e-11  -1.32033e-12
272  1.47263e-11  -1.3469e-12
273  1.6674e-11  -1.35705e-12
274  1.8872e-11  -1.34611e-12
275  2.13514e-11  -1.3085e-12
276  2.41471e-11  -1.2376e-12
277  2.72983e-11  -1.12553e-12
278  3.08487e-11  -9.63022e-13
279  3.48474e-11  -7.39132e-13
280  3.9349e-11  -4.41017e-13
281  4.4415e-11  -5.36243e-14
282  5.01136e-11  4.40643e-13
283  5.65215e-11  1.06231e-12
284  6.37239e-11  1.83528e-12
285  7.18163e-11  2.78733e-12
286  8.09048e-11  3.95068e-12
287  9.11081e-11  5.36264e-12
288  1.02558e-10  7.06636e-12
289  1.15403e-10  9.11167e-12
290  1.29805e-10  1.1556e-11
291  1.45948e-10  1.44655e-11
292  1.64035e-10  1.79163e-11
293  1.84291e-10  2.19957e-11
294  2.06968e-10  2.6804e-11
295  2.32344e-10  3.24559e-11
296  2.60731e-10  3.90831e-11
297  2.92471e-10  4.68358e-11
298  3.27946e-10  5.58857e-11
299  3.67581e-10  6.6429e-11
300  4.11844e-10  7.86888e-11
301  4.61257e-10  9.29199e-11
302  5.16395e-10  1.09412e-10
303  5.77897e-10  1.28494e-10
304  6.4647e-10  1.5054e-10
305  7.22895e-10  1.75975e-10
306  8.08035e-10  2.05281e-10
307  9.02847e-10  2.39004e-10
308  1.00838e-09  2.77761e-10
309  1.12581e-09  3.22252e-10
310  1.25642e-09  3.73269e-10
311  1.40162e-09  4.31704e-10
312  1.56297e-09  4.98568e-10
313  1.74221e-09  5.74998e-10
314  1.94122e-09  6.62278e-10
315  2.16211e-09  7.61856e-10
316  2.40716e-09  8.7536e-10
317  2.67891e-09  1.00462e-09
318  2.98014e-09  1.15171e-09
319  3.3139e-09  1.31893e-09
320  3.68356e-09  1.50889e-09
321  4.09278e-09  1.72451e-09
322  4.54563e-09  1.96907e-09
323  5.04652e-09  2.24624e-09
324  5.60032e-09  2.56013e-09
325  6.21235e-09  2.91536e-09
326  6.88843e-09  3.31709e-09
327  7.63495e-09  3.77108e-09
328  8.45888e-09  4.28377e-09
329  9.36784e-09  4.86239e-09
330  1.03702e-08  5.51497e-09
331  1.1475e-08  6.25049e-09
332  1.26921e-08  7.07897e-09
333  1.40325e-08  8.01157e-09
334  1.5508e-08  9.06073e-09
335  1.71313e-08  1.02403e-08
336  1.89165e-08  1.15657e-08
337  2.08788e-08  1.30541e-08
338  2.30349e-08  1.47245e-08
339  2.54027e-08  1.65982e-08
340  2.80018e-08  1.86986e-08
341  3.08534e-08  2.10519e-08
342  3.39807e-08  2.36872e-08
343  3.74086e-08  2.66364e-08
344  4.11643e-08  2.99353e-08
345  4.52769e-08  3.36234e-08
346  4.97784e-08  3.77443e-08
347  5.47031e-08  4.23464e-08
348  6.00879e-08  4.74833e-08
349  6.59731e-08  5.32142e-08
350  7.24019e-08  5.96044e-08
351  7.94209e-08  6.67261e-08
352  8.70803e-08  7.46592e-08
353  9.54343e-08  8.34917e-08
354  1.04541e-07  9.33206e-08
355  1.14463e-07  1.04253e-07
356  1.25268e-07  1.16407e-07
357  1.37028e-07  1.29912e-07
358  1.4982e-07  1.44912e-07
359  1.63727e-07  1.61563e-07
360  1.78838e-07  1.80039e-07
361  1.95249e-07  2.00531e-07
362  2.1306e-07  2.23247e-07
363  2.32379e-07  2.48416e-07
364  2.53323e-07  2.76293e-07
365  2.76015e-07  3.07152e-07
366  3.00586e-07  3.41297e-07
367  3.27174e-07  3.79062e-07
368  3.55928e-07  4.2081e-07
369  3.87004e-07  4.66942e-07
370  4.20569e-07  5.17893e-07
371  4.56799e-07  5.74144e-07
372  4.95878e-07  6.36217e-07
373  5.38003e-07  7.04684e-07
374  5.83379e-07  7.8017e-07
375  6.32224e-07  8.63359e-07
376  6.84765e-07  9.54996e-07
377  7.4124e-07  1.05589e-06
378  8.01898e-07  1.16694e-06
379  8.66999e-07  1.28911e-06
380  9.36814e-07  1.42344e-06
381  1.01162e-06  1.5711e-06
382  1.09172e-06  1.73333e-06
383  1.1774e-06  1.91149e-06
384  1.26898e-06  2.10706e-06
385  1.36678e-06  2.32166e-06
386  1.47112e-06  2.55703e-06
387  1.58232e-06  2.81508e-06
388  1.70074e-06  3.09786e-06
389  1.8267e-06  3.40763e-06
390  1.96054e-06  3.74681e-06
391  2.10261e-06  4.11803e-06
392  2.25323e-06  4.52416e-06
393  2.41272e-06  4.96828e-06
394  2.58141e-06  5.45376e-06
395  2.75959e-06  5.98421e-06
396  2.94753e-06  6.56357e-06
397  3.14549e-06  7.19608e-06
398  3.35369e-06  7.88633e-06
399  3.5723e-06  8.63927e-06
400  3.80145e-06  9.46026e-06
401  4.04124e-06  1.03551e-05
402  4.29165e-06  1.13299e-05
403  4.55264e-06  1.23916e-05
404  4.82405e-06  1.35473e-05
405  5.10562e-06  1.48049e-05
406  5.39699e-06  1.61726e-05
407  5.69765e-06  1.76598e-05
408  6.00694e-06  1.92759e-05
409  6.32404e-06  2.10316e-05
410  6.64794e-06  2.29381e-05
411  6.9774e-06  2.50074e-05
412  7.31093e-06  2.72527e-05
413  7.64679e-06  2.96878e-05
414  7.98292e-06  3.23277e-05
415  8.31693e-06  3.51884e-05
416  8.64604e-06  3.82872e-05
417  8.96706e-06  4.16425e-05
418  9.27634e-06  4.5274e-05
419  9.56972e-06  4.92029e-05
420  9.84244e-06  5.34518e-05
421  1.00892e-05  5.80449e-05
422  1.03038e-05  6.30079e-05
423  1.04796e-05  6.83685e-05
424  1.0609e-05  7.41563e-05
425  1.06833e-05  8.04025e-05
426  1.0693e-05  8.71409e-05
427  1.06275e-05  9.44072e-05
428  1.0475e-05  0.00010224
429  1.02223e-05  0.000110679
430  9.85498e-06  0.000119767
431  9.35688e-06  0.000129552
432  8.71025e-06  0.000140082
433  7.8955e-06  0.000151409
434  6.89109e-06  0.000163588
435  5.67328e-06  0.000176678
436  4.21605e-06  0.000190741
437  2.49082e-06  0.000205843
438  4.66317e-07  0.000222055
439  -1.89171e-06  0.000239451
440  -4.62066e-06  0.00025811
441  -7.76141e-06  0.000278114
442  -1.13585e-05  0.000299552
443  -1.54605e-05  0.000322517
444  -2.01202e-05  0.000347108
445  -2.5395e-05  0.000373429
446  -3.13474e-05  0.000401589
447  -3.80452e-05  0.000431705
448  -4.55617e-05  0.000463898
449  -5.39766e-05  0.000498298
450  -6.3376e-05  0.000535041
451  -7.3853e-05  0.000574269
452  -8.55085e-05  0.000616132
453  -9.8451e-05  0.000660789
454  -0.000112798  0.000708406
455  -0.000128676  0.000759158
456  -0.000146221  0.000813227
457  -0.000165581  0.000870805
458  -0.000186912  0.000932095
459  -0.000210384  0.000997307
460  -0.000236181  0.00106666
461  -0.000264496  0.00114039
462  -0.000295541  0.00121874
463  -0.00032954  0.00130195
464  -0.000366734  0.0013903
465  -0.000407381  0.00148405
466  -0.000451757  0.0015835
467  -0.000500157  0.00168895
468  -0.000552897  0.0018007
469  -0.000610311  0.00191908
470  -0.00067276  0.00204442
471  -0.000740627  0.00217709
472  -0.000814318  0.00231744
473  -0.000894269  0.00246584
474  -0.000980942  0.00262269
475  -0.00107483  0.0027884
476  -0.00117645  0.00296339
477  -0.00128636  0.00314808
478  -0.00140516  0.00334293
479  -0.00153346  0.00354839
480  -0.00167192  0.00376496
481  -0.00182126  0.0039931
482  -0.00198221  0.00423334
483  -0.00215557  0.00448619
484  -0.00234216  0.00475219
485  -0.00254287  0.00503188
486  -0.00275862  0.00532583
487  -0.0029904  0.0056346
488  -0.00323925  0.0059588
489  -0.00350625  0.00629901
490  -0.00379256  0.00665586
491  -0.00409939  0.00702996
492  -0.00442803  0.00742195
493  -0.00477981  0.00783247
494  -0.00515614  0.00826218
495  -0.00555852  0.00871175
496  -0.0059885  0.00918183
497  -0.00644772  0.00967311
498  -0.00693789  0.0101863
499  -0.00746082  0.010722
500  -0.00801839  0.0112809
501  -0.00861257  0.0118638
502  -0.00924544  0.0124713
503  -0.00991915  0.0131041
504  -0.010636  0.0137628
505  -0.0113982  0.0144482
506  -0.0122084  0.0151609
507  -0.0130691  0.0159016
508  -0.013983  0.0166708
509  -0.0149528  0.0174692
510  -0.0159815  0.0182974
511  -0.0170721  0.0191559
512  -0.0182278  0.0200454
513  -0.0194517  0.0209662
514  -0.0207474  0.021919
515  -0.0221183  0.0229041
516  -0.0235681  0.0239219
517  -0.0251006  0.0249729
518  -0.0267197  0.0260572
519  -0.0284295  0.0271752
520  -0.0302341  0.0283271
521  -0.0321381  0.029513
522  -0.0341458  0.0307329
523  -0.0362618  0.0319869
524  -0.0384911  0.0332748
525  -0.0408384  0.0345965
526  -0.043309  0.0359517
527  -0.045908  0.0373401
528  -0.0486409  0.0387611
529  -0.0515132  0.0402143
530  -0.0545306  0.0416989
531  -0.0576989  0.0432141
532  -0.0610242  0.044759
533  -0.0645125  0.0463325
534  -0.0681703  0.0479334
535  -0.0720038  0.0495603
536  -0.0760199  0.0512117
537  -0.0802251  0.0528859
538  -0.0846263  0.0545811
539  -0.0892307  0.0562952
540  -0.0940452  0.058026
541  -0.0990772  0.059771
542  -0.104334  0.0615277
543  -0.109824  0.0632932
544  -0.115553  0.0650645
545  -0.12153  0.0668383
546  -0.127763  0.0686111
547  -0.13426  0.0703791
548  -0.141028  0.0721384
549  -0.148076  0.0738846
550  -0.155412  0.0756134
551  -0.163044  0.0773198
552  -0.17098  0.0789989
553  -0.17923  0.0806453
554  -0.187801  0.0822534
555  -0.196701  0.0838173
556  -0.205939  0.0853306
557  -0.215524  0.086787
558  -0.225464  0.0881795
559  -0.235767  0.089501
560  -0.246441  0.090744
561  -0.257495  0.0919006
562  -0.268937  0.0929628
563  -0.280775  0.0939221
564  -0.293016  0.0947696
565  -0.30567  0.0954962
566  -0.318743  0.0960925
567  -0.332243  0.0965486
568  -0.346177  0.0968542
569  -0.360553  0.0969991
570  -0.375377  0.0969722
571  -0.390656  0.0967624
572  -0.406396  0.0963583
573  -0.422605  0.0957479
574  -0.439286  0.0949192
575  -0.456447  0.0938596
576  -0.474092  0.0925563
577  -0.492225  0.0909962
578  -0.510852  0.089166
579  -0.529977  0.087052
580  -0.549602  0.0846402
581  -0.569731  0.0819163
582  -0.590367  0.0788659
583  -0.611511  0.0754743
584  -0.633166  0.0717264
585  -0.655332  0.0676071
586  -0.67801  0.0631011
587  -0.7012  0.0581928
588  -0.7249  0.0528665
589  -0.74911  0.0471063
590  -0.773828  0.0408963
591  -0.79905  0.0342204
592  -0.824774  0.0270624
593  -0.850995  0.0194061
594  -0.877708  0.0112353
595  -0.904909  0.00253375
596  -0.93259  -0.00671476
597  -0.960744  -0.0165264
598  -0.989364  -0.0269173
599  -1.01844  -0.0379033
600  -1.04796  -0.0495005
601  -1.07792  -0.0617243
602  -1.10831  -0.0745903
603  -1.13911  -0.0881137
604  -1.17031  -0.10231
605  -1.2019  -0.117192
606  -1.23385  -0.132777
607  -1.26617  -0.149076
608  -1.29882  -0.166105
609  -1.3318  -0.183876
610  -1.36508  -0.202401
611  -1.39864  -0.221693
612  -1.43248  -0.241763
613  -1.46655  -0.262623
614  -1.50085  -0.284282
615  -1.53535  -0.306751
616  -1.57002  -0.330038
617  -1.60485  -0.354152
618  -1.6398  -0.3791
619  -1.67485  -0.404888
620  -1.70998  -0.431523
621  -1.74516  -0.45901
622  -1.78036  -0.487353
623  -1.81554  -0.516554
624  -1.85069  -0.546616
625  -1.88577  -0.577541
626  -1.92075  -0.609327
627  -1.9556  -0.641975
628  -1.99029  -0.675481
629  -2.02478  -0.709844
630  -2.05905  -0.745058
631  -2.09305  -0.781118
632  -2.12676  -0.818018
633  -2.16014  -0.855749
634  -2.19316  -0.894303
635  -2.22578  -0.933668
636  -2.25797  -0.973834
637  -2.28969  -1.01479
638  -2.32091  -1.05651
639  -2.35159  -1.099
640  -2.3817  -1.14223
641  -2.4112  -1.18617
642  -2.44006  -1.23083
643  -2.46825  -1.27616
644  -2.49572  -1.32216
645  -2.52245  -1.36879
646  -2.5484  -1.41604
647  -2.57354  -1.46388
648  -2.59783  -1.51227
649  -2.62124  -1.5612
650  -2.64375  -1.61063
651  -2.66531  -1.66054
652  -2.6859  -1.71088
653  -2.70549  -1.76163
654  -2.72404  -1.81275
655  -2.74154  -1.86422
656  -2.75795  -1.91598
657  -2.77324  -1.96801
658  -2.7874  -2.02026
659  -2.80039  -2.07271
660  -2.8122  -2.12529
661  -2.8228  -2.17799
662  -2.83217  -2.23075
663  -2.84029  -2.28353
664  -2.84714  -2.3363
665  -2.85271  -2.38899
666  -2.85698  -2.44158
667  -2.85994  -2.49402
668  -2.86157  -2.54626
669  -2.86186  -2.59825
670  -2.8608  -2.64995
671  -2.85839  -2.70132
672  -2.85462  -2.75231
673  -2.84947  -2.80287
674  -2.84296  -2.85295
675  -2.83508  -2.90251
676  -2.82582  -2.9515
677  -2.81519  -2.99988
678  -2.80319  -3.0476
679  -2.78983  -3.09462
680  -2.77512  -3.14088
681  -2.75905  -3.18635
682  -2.74165  -3.23098
683  -2.72292  -3.27472
684  -2.70288  -3.31754
685  -2.68154  -3.35939
686  -2.65891  -3.40023
687  -2.63503  -3.44002
688  -2.60989  -3.47872
689  -2.58354  -3.51629
690  -2.55598  -3.55269
691  -2.52725  -3.58789
692  -2.49736  -3.62185
693  -2.46635  -3.65454
694  -2.43425  -3.68593
695  -2.40108  -3.71597
696  -2.36687  -3.74465
697  -2.33166  -3.77194
698  -2.29549  -3.7978
699  -2.25837  -3.82221
700  -2.22036  -3.84516
701  -2.18149  -3.86661
702  -2.14179  -3.88654
703  -2.1013  -3.90494
704  -2.06007  -3.9218
705  -2.01813  -3.93708
706  -1.97552  -3.95079
707  -1.93229  -3.9629
708  -1.88847  -3.97341
709  -1.84412  -3.98232
710  -1.79927  -3.9896
711  -1.75396  -3.99527
712  -1.70825  -3.99931
713  -1.66217  -4.00173
714  -1.61576  -4.00253
715  -1.56908  -4.0017
716  -1.52216  -3.99926
717  -1.47506  -3.99522
718  -1.4278  -3.98957
719  -1.38045  -3.98233
720  -1.33304  -3.97351
721  -1.28561  -3.96312
722  -1.23821  -3.95119
723  -1.19089  -3.93772
724  -1.14367  -3.92274
725  -1.09661  -3.90627
726  -1.04974  -3.88832
727  -1.00311  -3.86892
728  -0.956746  -3.8481
729  -0.910698  -3.82588
730  -0.865001  -3.80229
731  -0.819691  -3.77736
732  -0.774804  -3.75111
733  -0.730374  -3.72358
734  -0.686436  -3.69481
735  -0.643022  -3.66482
736  -0.600163  -3.63366
737  -0.557891  -3.60134
738  -0.516235  -3.56792
739  -0.475223  -3.53343
740  -0.434881  -3.49791
741  -0.395235  -3.46139
742  -0.35631  -3.42392
743  -0.318129  -3.38554
744  -0.280713  -3.34628
745  -0.244083  -3.30619
746  -0.208257  -3.26532
747  -0.173254  -3.22369
748  -0.13909  -3.18135
749  -0.105779  -3.13836
750  -0.073336  -3.09473
751  -0.0417725  -3.05053
752  -0.0110994  -3.0058
753  0.0186736  -2.96057
754  0.0475383  -2.91488
755  0.0754879  -2.86879
756  0.102517  -2.82233
757  0.12862  -2.77554
758  0.153796  -2.72847
759  0.178042  -2.68115
760  0.201358  -2.63363
761  0.223744  -2.58594
762  0.245202  -2.53813
763  0.265735  -2.49024
764  0.285347  -2.44229
765  0.304044  -2.39433
766  0.321832  -2.34641
767  0.338718  -2.29854
768  0.35471  -2.25077
769  0.369818  -2.20313
770  0.384051  -2.15565
771  0.397422  -2.10837
772  0.40994  -2.06132
773  0.42162  -2.01453
774  0.432475  -1.96803
775  0.442518  -1.92185
776  0.451765  -1.87601
777  0.460231  -1.83054
778  0.467932  -1.78547
779  0.474884  -1.74082
780  0.481105  -1.69661
781  0.486613  -1.65287
782  0.491424  -1.60962
783  0.495558  -1.56688
784  0.499033  -1.52467
785  0.501868  -1.483
786  0.504083  -1.44189
787  0.505696  -1.40136
788  0.506729  -1.36142
789  0.507199  -1.32209
790  0.507128  -1.28337
791  0.506536  -1.24529
792  0.505442  -1.20785
793  0.503866  -1.17106
794  0.501829  -1.13492
795  0.49935  -1.09946
796  0.49645  -1.06466
797  0.493148  -1.03055
798  0.489463  -0.997112
799  0.485416  -0.964365
800  0.481026  -0.932307
801  0.476311  -0.900942
802  0.47129  -0.870269
803  0.465982  -0.840288
804  0.460405  -0.811001
805  0.454577  -0.782405
806  0.448516  -0.754499
807  0.442238  -0.727279
808  0.435761  -0.700744
809  0.429101  -0.674888
810  0.422274  -0.649707
811  0.415295  -0.625197
812  0.408181  -0.601351
813  0.400946  -0.578163
814  0.393604  -0.555627
815  0.38617  -0.533735
816  0.378657  -0.512479
817  0.371077  -0.491852
818  0.363444  -0.471845
819  0.35577  -0.452449
820  0.348066  -0.433655
821  0.340344  -0.415453
822  0.332614  -0.397834
823  0.324887  -0.380788
824  0.317173  -0.364303
825  0.309481  -0.348371
826  0.30182  -0.33298
827  0.294198  -0.318119
828  0.286624  -0.303777
829  0.279105  -0.289943
830  0.271648  -0.276606
831  0.264261  -0.263755
832  0.256948  -0.251378
833  0.249718  -0.239463
834  0.242574  -0.228
835  0.235522  -0.216977
836  0.228567  -0.206382
837  0.221713  -0.196204
838  0.214964  -0.186431
839  0.208324  -0.177054
840  0.201796  -0.168059
841  0.195383  -0.159436
842  0.189088  -0.151174
843  0.182913  -0.143262
844  0.17686  -0.13569
845  0.170931  -0.128446
846  0.165127  -0.121519
847  0.159449  -0.114901
848  0.153899  -0.10858
849  0.148477  -0.102546
850  0.143184  -0.0967894
851  0.138019  -0.0913006
852  0.132983  -0.0860699
853  0.128076  -0.081088
854  0.123297  -0.0763457
855  0.118645  -0.0718341
856  0.114121  -0.0675444
857  0.109723  -0.0634681
858  0.105449  -0.0595968
859  0.1013  -0.0559224
860  0.0972726  -0.0524369
861  0.0933666  -0.0491327
862  0.0895802  -0.0460021
863  0.0859117  -0.043038
864  0.0823594  -0.0402332
865  0.0789214  -0.0375808
866  0.0755958  -0.0350741
867  0.0723806  -0.0327067
868  0.0692739  -0.0304724
869  0.0662735  -0.0283649
870  0.0633772  -0.0263786
871  0.0605829  -0.0245077
872  0.0578884  -0.0227467
873  0.0552913  -0.0210903
874  0.0527895  -0.0195336
875  0.0503807  -0.0180715
876  0.0480624  -0.0166994
877  0.0458325  -0.0154127
878  0.0436885  -0.014207
879  0.0416283  -0.0130782
880  0.0396493  -0.0120221
881  0.0377495  -0.0110351
882  0.0359264  -0.0101133
883  0.0341778  -0.00925321
884  0.0325014  -0.00845143
885  0.030895  -0.00770471
886  0.0293565  -0.00700995
887  0.0278836  -0.00636418
888  0.0264741  -0.00576457
889  0.025126  -0.00520841
890  0.0238372  -0.00469313
891  0.0226056  -0.00421628
892  0.0214293  -0.00377552
893  0.0203062  -0.00336864
894  0.0192344  -0.00299352
895  0.0182121  -0.00264816
896  0.0172374  -0.00233066
897  0.0163085  -0.00203921
898  0.0154236  -0.0017721
899  0.0145811  -0.00152773
900  0.0137792  -0.00130454
901  0.0130163  -0.00110111
902  0.0122909  -0.00091605
903  0.0116014  -0.000748085
904  0.0109463  -0.000595991
905  0.0103242  -0.000458623
906  0.0097337  -0.000334901
907  0.00917338  -0.000223808
908  0.00864196  -0.000124389
909  0.00813815  -3.57483e-05
910  0.00766075  4.29569e-05
911  0.00720854  0.000112515
912  0.0067804  0.000173666
913  0.0063752  0.000227099
914  0.00599189  0.000273463
915  0.00562944  0.00031336
916  0.00528686  0.000347353
917  0.00496319  0.000375968
918  0.00465753  0.000399692
919  0.00436899  0.000418981
920  0.00409673  0.000434256
921  0.00383994  0.000445909
922  0.00359784  0.000454302
923  0.00336969  0.000459771
924  0.00315478  0.000462627
925  0.00295242  0.000463156
926  0.00276196  0.000461621
927  0.00258278  0.000458267
928  0.00241427  0.000453316
929  0.00225587  0.000446972
930  0.00210704  0.000439424
931  0.00196726  0.000430843
932  0.00183602  0.000421385
933  0.00171287  0.000411192
934  0.00159735  0.000400394
935  0.00148903  0.000389108
936  0.0013875  0.000377439
937  0.00129239  0.000365483
938  0.00120332  0.000353327
939  0.00111994  0.000341046
940  0.00104193  0.000328709
941  0.000968962  0.000316377
942  0.000900747  0.000304104
943  0.000836999  0.000291937
944  0.000777451  0.000279918
945  0.000721849  0.000268082
946  0.000669955  0.000256461
947  0.00062154  0.000245081
948  0.000576391  0.000233965
949  0.000534306  0.00022313
950  0.000495092  0.000212593
951  0.00045857  0.000202365
952  0.000424568  0.000192455
953  0.000392927  0.00018287
954  0.000363495  0.000173615
955  0.000336129  0.000164692
956  0.000310695  0.000156102
957  0.000287067  0.000147844
958  0.000265126  0.000139916
959  0.00024476  0.000132313
960  0.000225864  0.000125033
961  0.000208339  0.000118068
962  0.000192093  0.000111414
963  0.00017704  0.000105062
964  0.000163097  9.90065e-05
965  0.000150188  9.3238e-05
966  0.000138241  8.77488e-05
967  0.000127191  8.25301e-05
968  0.000116973  7.75732e-05
969  0.00010753  7.28692e-05
970  9.88062e-05  6.84089e-05
971  9.07505e-05  6.41833e-05
972  8.3315e-05  6.01832e-05
973  7.6455e-05  5.63998e-05
974  7.01288e-05  5.28239e-05
975  6.42974e-05  4.94468e-05
976  5.89245e-05  4.62599e-05
977  5.39763e-05  4.32545e-05
978  4.94213e-05  4.04223e-05
979  4.523e-05  3.77553e-05
980  4.13752e-05  3.52455e-05
981  3.78315e-05  3.28852e-05
982  3.45753e-05  3.0667e-05
983  3.15846e-05  2.85836e-05
984  2.8839e-05  2.66282e-05
985  2.63196e-05  2.47941e-05
986  2.40088e-05  2.30747e-05
987  2.18904e-05  2.14638e-05
988  1.99492e-05  1.99556e-05
989  1.81713e-05  1.85443e-05
990  1.65437e-05  1.72245e-05
991  1.50544e-05  1.59909e-05
992  1.36922e-05  1.48386e-05
993  1.24471e-05  1.37628e-05
994  1.13094e-05  1.2759e-05
995  1.02704e-05  1.18228e-05
996  9.32194e-06  1.09503e-05
997  8.45665e-06  1.01375e-05
998  7.6676e-06  9.38075e-06
999  6.94843e-06  8.67652e-06
1000  6.29328e-06  8.02153e-06
1001  5.69677e-06  7.41264e-06
1002  5.15392e-06  6.84691e-06
1003  4.66017e-06  6.32154e-06
1004  4.21131e-06  5.8339e-06
1005  3.80347e-06  5.3815e-06
1006  3.4331e-06  4.96201e-06
1007  3.09696e-06  4.57322e-06
1008  2.79203e-06  4.21306e-06
1009  2.51557e-06  3.87959e-06
1010  2.26507e-06  3.57098e-06
1011  2.03821e-06  3.28551e-06
1012  1.83289e-06  3.02156e-06
1013  1.64716e-06  2.77764e-06
1014  1.47925e-06  2.55233e-06
1015  1.32755e-06  2.34431e-06
1016  1.19058e-06  2.15233e-06
1017  1.06697e-06  1.97525e-06
1018  9.55495e-07  1.81198e-06
1019  8.55028e-07  1.66152e-06
1020  7.64539e-07  1.52291e-06
1021  6.83089e-07  1.39529e-06
1022  6.09826e-07  1.27784e-06
1023  5.43969e-07  1.16979e-06
1024  4.84812e-07  1.07044e-06
1025  4.3171e-07  9.79132e-07
1026  3.84077e-07  8.95243e-07
1027  3.41381e-07  8.18209e-07
1028  3.0314e-07  7.475e-07
1029  2.68914e-07  6.82625e-07
1030  2.38306e-07  6.23128e-07
1031  2.10956e-07  5.68588e-07
1032  1.86536e-07  5.18613e-07
1033  1.64752e-07  4.72841e-07
1034  1.45335e-07  4.30936e-07
1035  1.28044e-07  3.92587e-07
1036  1.12661e-07  3.57508e-07
1037  9.8987e-08  3.25434e-07
1038  8.68453e-08  2.9612e-07
1039  7.60746e-08  2.69339e-07
1040  6.65304e-08  2.44884e-07
1041  5.80822e-08  2.2256e-07
1042  5.06126e-08  2.02192e-07
1043  4.40162e-08  1.83615e-07
1044  3.8198e-08  1.66679e-07
1045  3.30729e-08  1.51246e-07
1046  2.85645e-08  1.37188e-07
1047  2.46042e-08  1.24388e-07
1048  2.11305e-08  1.12737e-07
1049  1.80886e-08  1.02138e-07
1050  1.54293e-08  9.24992e-08
1051  1.31085e-08  8.37371e-08
1052  1.1087e-08  7.57755e-08
1053  9.32986e-09  6.8544e-08
1054  7.80578e-09  6.19784e-08
1055  6.48696e-09  5.60199e-08
1056  5.34869e-09  5.06145e-08
1057  4.36895e-09  4.57128e-08
1058  3.52824e-09  4.12698e-08
1059  2.80922e-09  3.72441e-08
1060  2.19656e-09  3.3598e-08
1061  1.67668e-09  3.02971e-08
1062  1.23757e-09  2.73098e-08
1063  8.68642e-10  2.46075e-08
1064  5.60542e-10  2.2164e-08
1065  3.05048e-10  1.99554e-08
1066  9.49244e-11  1.79599e-08
1067  -7.61789e-11  1.61576e-08
1068  -2.13829e-10  1.45306e-08
1069  -3.22898e-10  1.30623e-08
1070  -4.07641e-10  1.17379e-08
1071  -4.71769e-10  1.05436e-08
1072  -5.18512e-10  9.46713e-09
1073  -5.50672e-10  8.49728e-09
1074  -5.70678e-10  7.62382e-09
1075  -5.8063e-10  6.83749e-09
1076  -5.82336e-10  6.12987e-09
1077  -5.77351e-10  5.49334e-09
1078  -5.67006e-10  4.921e-09
1079  -5.52437e-10  4.40656e-09
1080  -5.34609e-10  3.94437e-09
1081  -5.14341e-10  3.52928e-09
1082  -4.92319e-10  3.15663e-09
1083  -4.69121e-10  2.82223e-09
1084  -4.45224e-10  2.52227e-09
1085  -4.21025e-10  2.2533e-09
1086  -3.96847e-10  2.01223e-09
1087  -3.7295e-10  1.79625e-09
1088  -3.49543e-10  1.60281e-09
1089  -3.26789e-10  1.42965e-09
1090  -3.04814e-10  1.27469e-09
1091  -2.83708e-10  1.13608e-09
1092  -2.63538e-10  1.01214e-09
1093  -2.44346e-10  9.01369e-10
1094  -2.26155e-10  8.02402e-10
1095  -2.08974e-10  7.14017e-10
1096  -1.92798e-10  6.35116e-10
1097  -1.77612e-10  5.64709e-10
1098  -1.63393e-10  5.01907e-10
1099  -1.50112e-10  4.45912e-10
1100  -1.37736e-10  3.96005e-10
1101  -1.26226e-10  3.51543e-10
1102  -1.15543e-10  3.11947e-10
1103  -1.05647e-10  2.767e-10
1104  -9.64941e-11  2.45337e-10
1105  -8.80431e-11  2.17441e-10
1106  -8.02521e-11  1.92639e-10
1107  -7.30799e-11  1.70596e-10
1108  -6.64867e-11  1.51015e-10
1109  -6.04335e-11  1.33626e-10
1110  -5.48833e-11  1.18191e-10
1111  -4.98004e-11  1.04496e-10
1112  -4.51507e-11  9.23505e-11
1113  -4.09022e-11  8.15826e-11
1114  -3.70242e-11  7.20405e-11
1115  -3.34883e-11  6.3588e-11
1116  -3.02674e-11  5.61039e-11
1117  -2.73362e-11  4.948e-11
1118  -2.46712e-11  4.36198e-11
1119  -2.22504e-11  3.84376e-11
1120  -2.00534e-11  3.38567e-11
1121  -1.80611e-11  2.98091e-11
1122  -1.6256e-11  2.62343e-11
1123  -1.46218e-11  2.30783e-11
1124  -1.31435e-11  2.02932e-11
1125  -1.18073e-11  1.78366e-11
1126  -1.06004e-11  1.56706e-11
1127  -9.51106e-12  1.37617e-11
1128  -8.52857e-12  1.208e-11
1129  -7.64307e-12  1.05992e-11
1130  -6.84553e-12  9.29577e-12
1131  -6.12769e-12  8.14905e-12
1132  -5.48204e-12  7.1406e-12
1133  -4.90167e-12  6.25415e-12
1134  -4.38033e-12  5.47529e-12
1135  -3.91231e-12  4.79125e-12
1136  -3.49241e-12  4.19076e-12
1137  -3.11592e-12  3.66385e-12
1138  -2.77855e-12  3.20172e-12
1139  -2.47642e-12  2.79657e-12
1140  -2.206e-12  2.44156e-12
1141  -1.96411e-12  2.13061e-12
1142  -1.74786e-12  1.85838e-12
1143  -1.55463e-12  1.62016e-12
1144  -1.38208e-12  1.4118e-12
1145  -1.22808e-12  1.22964e-12
1146  -1.0907e-12  1.07046e-12
1147  -9.68221e-13  9.31426e-13
1148  -8.59082e-13  8.10049e-13
1149  -7.61881e-13  7.04136e-13
1150  -6.75358e-13  6.11762e-13
1151  -5.9838e-13  5.31235e-13
1152  -5.29927e-13  4.6107e-13
1153  -4.69088e-13  3.99964e-13
1154  -4.15042e-13  3.46774e-13
1155  -3.67054e-13  3.00498e-13
1156  -3.24467e-13  2.60257e-13
1157  -2.86692e-13  2.25282e-13
1158  -2.532e-13  1.949e-13
1159  -2.23521e-13  1.68522e-13
1160  -1.97232e-13  1.45631e-13
1161  -1.73959e-13  1.25778e-13
1162  -1.53364e-13  1.08568e-13
1163  -1.35148e-13  9.36582e-14
1164  -1.19043e-13  8.07475e-14
1165  -1.04812e-13  6.95744e-14
1166  -9.22429e-14  5.99105e-14
1167  -8.11457e-14  5.15566e-14
1168  -7.1353e-14  4.43393e-14
1169  -6.27153e-14  3.81077e-14
1170  -5.50997e-14  3.27303e-14
1171  -4.83884e-14  2.80928e-14
1172  -4.24767e-14  2.40959e-14
1173  -3.72715e-14  2.06532e-14
1174  -3.26904e-14  1.76897e-14
1175  -2.86605e-14  1.51404e-14
1176  -2.51168e-14  1.29488e-14
1177  -2.20022e-14  1.1066e-14
1178  -1.92658e-14  9.44954e-15
1179  -1.68628e-14  8.06271e-15
1180  -1.47535e-14  6.87373e-15
1181  -1.29027e-14  5.85511e-15
1182  -1.12794e-14  4.98308e-15
1183  -9.85639e-15  4.23711e-15
1184  -8.60938e-15  3.59946e-15
1185  -7.51709e-15  3.05483e-15
1186  -6.56071e-15  2.59004e-15
1187  -5.72371e-15  2.1937e-15
1188  -4.99147e-15  1.85603e-15
1189  -4.35116e-15  1.56858e-15
1190  -3.79146e-15  1.32412e-15
1191  -3.30243e-15  1.11641e-15
1192  -2.87533e-15  9.40091e-16
1193  -2.50247e-15  7.90571e-16
1194  -2.17709e-15  6.63908e-16
1195  -1.89327e-15  5.56723e-16
1196  -1.64579e-15  4.66121e-16
1197  -1.43009e-15  3.89626e-16
1198  -1.24217e-15  3.25119e-16
1199  -1.07852e-15  2.70791e-16
1200  -9.3606e-16  2.25096e-16
1201  -8.12096e-16  1.86715e-16
1202  -7.04272e-16  1.54526e-16
1203  -6.10523e-16  1.27571e-16
1204  -5.29046e-16  1.05035e-16
1205  -4.58262e-16  8.62281e-17
1206  -3.96794e-16  7.0561e-17
1207  -3.43435e-16  5.75355e-17
1208  -2.97136e-16  4.67292e-17
1209  -2.56978e-16  3.77843e-17
1210  -2.22161e-16  3.03986e-17
1211  -1.91985e-16  2.43164e-17
1212  -1.65844e-16  1.93224e-17
1213  -1.43207e-16  1.5235e-17
1214  -1.23611e-16  1.19015e-17
1215  -1.06655e-16  9.19349e-18
1216  -9.19889e-17  7.00334e-18
1217  -7.93088e-17  5.24086e-18
1218  -6.835e-17  3.83062e-18
1219  -5.88826e-17  2.70966e-18
1220  -5.07069e-17  1.8255e-18
1221  -4.36493e-17  1.1345e-18
1222  -3.75595e-17  6.00452e-19
1223  -3.23067e-17  1.93368e-19
1224  -2.77777e-17  -1.1152e-19
1225  -2.38744e-17  -3.34614e-19
1226  -2.05116e-17  -4.92673e-19
1227  -1.76156e-17  -5.99419e-19
1228  -1.51226e-17  -6.66045e-19
1229  -1.29774e-17  -7.01649e-19
1230  -1.11322e-17  -7.13592e-19
1231  -9.54558e-18  -7.07801e-19
1232  -8.18193e-18  -6.89019e-19
1233  -7.01037e-18  -6.6102e-19
1234  -6.00422e-18  -6.26783e-19
1235  -5.14047e-18  -5.88635e-19
1236  -4.39926e-18  -5.48381e-19
1237  -3.76346e-18  -5.07394e-19
1238  -3.21829e-18  -4.66706e-19
1239  -2.75102e-18  -4.27074e-19
1240  -2.35068e-18  -3.89034e-19
1241  -2.00781e-18  -3.52952e-19
1242  -1.71427e-18  -3.19056e-19
1243  -1.46308e-18  -2.8747e-19
1244  -1.24821e-18  -2.58241e-19
1245  -1.06447e-18  -2.31351e-19
1246  -9.07426e-19  -2.06742e-19
1247  -7.73244e-19  -1.84323e-19
1248  -6.58645e-19  -1.63983e-19
1249  -5.60808e-19  -1.45595e-19
1250  -4.77316e-19  -1.29027e-19
1251  -4.06093e-19  -1.14144e-19
1252  -3.4536e-19  -1.0081e-19
1253  -2.93594e-19  -8.88948e-20
1254  -2.49488e-19  -7.82721e-20
1255  -2.11923e-19  -6.8822e-20
1256  -1.79943e-19  -6.0432e-20
1257  -1.52727e-19  -5.29971e-20
1258  -1.29576e-19  -4.64203e-20
1259  -1.0989e-19  -4.06123e-20
1260  -9.31575e-20  -3.54911e-20
1261  -7.89408e-20  -3.09822e-20
1262  -6.68668e-20  -2.70182e-20
1263  -5.66166e-20  -2.35377e-20
1264  -4.79182e-20  -2.04858e-20
1265  -4.05397e-20  -1.78129e-20
1266  -3.42833e-20  -1.54747e-20
1267  -2.89807e-20  -1.34316e-20
1268  -2.44881e-20  -1.16483e-20
1269  -2.06835e-20  -1.00934e-20
1270  -1.74628e-20  -8.73899e-21
1271  -1.47375e-20  -7.56035e-21
1272  -1.24324e-20  -6.53566e-21
1273  -1.04834e-20  -5.64561e-21
1274  -8.83629e-21  -4.87319e-21
1275  -7.44485e-21  -4.20344e-21
1276  -6.26988e-21  -3.62319e-21
1277  -5.27812e-21  -3.12089e-21
1278  -4.44135e-21  -2.68642e-21
1279  -3.73565e-21  -2.3109e-21
1280  -3.14074e-21  -1.98658e-21
1281  -2.63944e-21  -1.70668e-21
1282  -2.2172e-21  -1.4653e-21
1283  -1.8617e-21  -1.25729e-21
1284  -1.56253e-21  -1.07814e-21
1285  -1.31086e-21  -9.23974e-22
1286  -1.09924e-21  -7.91383e-22
1287  -9.21378e-22  -6.77424e-22
1288  -7.71954e-22  -5.79543e-22
1289  -6.46475e-22  -4.95524e-22
1290  -5.4115e-22  -4.23449e-22
1291  -4.52781e-22  -3.61658e-22
1292  -3.78672e-22  -3.08716e-22
1293  -3.16548e-22  -2.63381e-22
1294  -2.64495e-22  -2.24584e-22
1295  -2.209e-22  -1.91401e-22
1296  -1.84405e-22  -1.63036e-22
1297  -1.53867e-22  -1.38803e-22
1298  -1.28326e-22  -1.18111e-22
1299  -1.06974e-22  -1.00453e-22
1300  -8.91327e-23  -8.53921e-23
1301  -7.42311e-23  -7.25532e-23
1302  -6.17908e-23  -6.16142e-23
1303  -5.14104e-23  -5.22989e-23
1304  -4.27527e-23  -4.43705e-23
1305  -3.55354e-23  -3.76258e-23
1306  -2.95216e-23  -3.18912e-23
1307  -2.45133e-23  -2.70178e-23
1308  -2.03442e-23  -2.28783e-23
1309  -1.68754e-23  -1.9364e-23
1310  -1.39909e-23  -1.63819e-23
1311  -1.15933e-23  -1.38527e-23
1312  -9.60143e-24  -1.17085e-23
1313  -7.94755e-24  -9.89179e-24
1314  -6.57497e-24  -8.35315e-24
1315  -5.43646e-24  -7.05066e-24
1316  -4.49259e-24  -5.9486e-24
1317  -3.7105e-24  -5.01656e-24
1318  -3.0628e-24  -4.22868e-24
1319  -2.52671e-24  -3.56297e-24
1320  -2.08322e-24  -3.00075e-24
1321  -1.71656e-24  -2.52613e-24
1322  -1.41357e-24  -2.12566e-24
1323  -1.16335e-24  -1.78791e-24
1324  -9.56819e-25  -1.50317e-24
1325  -7.86456e-25  -1.26324e-24
1326  -6.46009e-25  -1.06115e-24
1327  -5.30294e-25  -8.91012e-25
1328  -4.35014e-25  -7.47835e-25
1329  -3.5661e-25  -6.274e-25
1330  -2.92132e-25  -5.2614e-25
1331  -2.39142e-25  -4.41037e-25
1332  -1.95622e-25  -3.69545e-25
1333  -1.59902e-25  -3.09513e-25
1334  -1.30605e-25  -2.59126e-25
1335  -1.06592e-25  -2.16852e-25
1336  -8.69243e-26  -1.81399e-25
1337  -7.08272e-26  -1.5168e-25
1338  -5.76622e-26  -1.26778e-25
1339  -4.69033e-26  -1.05921e-25
1340  -3.81176e-26  -8.8459e-26
1341  -3.09489e-26  -7.38458e-26
1342  -2.51043e-26  -6.16216e-26
1343  -2.03433e-26  -5.14002e-26
1344  -1.64682e-26  -4.28569e-26
1345  -1.33171e-26  -3.57191e-26
1346  -1.07571e-26  -2.97582e-26
1347  -8.6791e-27  -2.47821e-26
1348  -6.99412e-27  -2.06298e-26
1349  -5.62917e-27  -1.71664e-26
1350  -4.52463e-27  -1.42787e-26
1351  -3.63179e-27  -1.18721e-26
1352  -2.91088e-27  -9.86714e-27
1353  -2.32949e-27  -8.19754e-27
1354  -1.86119e-27  -6.80774e-27
1355  -1.48446e-27  -5.65133e-27
1356  -1.18181e-27  -4.6895e-27
1357  -9.39023e-28  -3.88983e-27
1358  -7.44542e-28  -3.22525e-27
1359  -5.89003e-28  -2.67317e-27
1360  -4.64816e-28  -2.21471e-27
1361  -3.65838e-28  -1.83416e-27
1362  -2.87101e-28  -1.51841e-27
1363  -2.24593e-28  -1.25652e-27
1364  -1.75076e-28  -1.03939e-27
1365  -1.35943e-28  -8.59443e-28
1366  -1.05094e-28  -7.10374e-28
1367  -8.08424e-29  -5.86931e-28
1368  -6.18355e-29  -4.8475e-28
1369  -4.69884e-29  -4.00202e-28
1370  -3.54334e-29  -3.30271e-28
