#tstp   Ax    Ay
-1  0  0
0  -5.80888e-31  -3.60927e-31
1  -7.14242e-31  -4.4819e-31
2  -8.7785e-31  -5.56218e-31
3  -1.07849e-30  -6.89875e-31
4  -1.32445e-30  -8.5515e-31
5  -1.62584e-30  -1.05941e-30
6  -1.995e-30  -1.31172e-30
7  -2.44699e-30  -1.62321e-30
8  -3.00016e-30  -2.00755e-30
9  -3.67691e-30  -2.48154e-30
10  -4.50448e-30  -3.06579e-30
11  -5.51611e-30  -3.78557e-30
12  -6.75221e-30  -4.67187e-30
13  -8.26201e-30  -5.76266e-30
14  -1.01053e-29  -7.10445e-30
15  -1.2355e-29  -8.75417e-30
16  -1.50995e-29  -1.07815e-29
17  -1.84463e-29  -1.32717e-29
18  -2.2526e-29  -1.63289e-29
19  -2.7497e-29  -2.00803e-29
20  -3.35518e-29  -2.46816e-29
21  -4.09236e-29  -3.03225e-29
22  -4.98954e-29  -3.72346e-29
23  -6.08101e-29  -4.57005e-29
24  -7.40833e-29  -5.60647e-29
25  -9.02181e-29  -6.87468e-29
26  -1.09824e-28  -8.42582e-29
27  -1.33638e-28  -1.03222e-28
28  -1.62552e-28  -1.26394e-28
29  -1.97644e-28  -1.54698e-28
30  -2.40219e-28  -1.89254e-28
31  -2.9185e-28  -2.31424e-28
32  -3.54439e-28  -2.82862e-28
33  -4.30284e-28  -3.45579e-28
34  -5.22155e-28  -4.22012e-28
35  -6.33394e-28  -5.15123e-28
36  -7.68031e-28  -6.28499e-28
37  -9.30926e-28  -7.66493e-28
38  -1.12793e-27  -9.34376e-28
39  -1.36609e-27  -1.13853e-27
40  -1.6539e-27  -1.3867e-27
41  -2.00157e-27  -1.68823e-27
42  -2.42137e-27  -2.05444e-27
43  -2.92809e-27  -2.49903e-27
44  -3.53947e-27  -3.03852e-27
45  -4.27684e-27  -3.69292e-27
46  -5.16583e-27  -4.48636e-27
47  -6.23717e-27  -5.44798e-27
48  -7.52777e-27  -6.61294e-27
49  -9.0819e-27  -8.02365e-27
50  -1.09526e-26  -9.73124e-27
51  -1.32036e-26  -1.17973e-26
52  -1.59109e-26  -1.42962e-26
53  -1.91659e-26  -1.73172e-26
54  -2.30778e-26  -2.09679e-26
55  -2.77774e-26  -2.53778e-26
56  -3.3421e-26  -3.07026e-26
57  -4.01955e-26  -3.71296e-26
58  -4.83244e-26  -4.48836e-26
59  -5.80746e-26  -5.42348e-26
60  -6.97648e-26  -6.55078e-26
61  -8.37755e-26  -7.9092e-26
62  -1.00561e-25  -9.54546e-26
63  -1.20661e-25  -1.15156e-25
64  -1.44723e-25  -1.38868e-25
65  -1.73516e-25  -1.67395e-25
66  -2.07955e-25  -2.01701e-25
67  -2.49131e-25  -2.42942e-25
68  -2.98344e-25  -2.92498e-25
69  -3.57137e-25  -3.52022e-25
70  -4.27347e-25  -4.23491e-25
71  -5.11158e-25  -5.09269e-25
72  -6.11165e-25  -6.12178e-25
73  -7.30449e-25  -7.35591e-25
74  -8.72667e-25  -8.83534e-25
75  -1.04216e-24  -1.06081e-24
76  -1.24408e-24  -1.27316e-24
77  -1.48453e-24  -1.52742e-24
78  -1.77075e-24  -1.83173e-24
79  -2.1113e-24  -2.19581e-24
80  -2.51635e-24  -2.63121e-24
81  -2.99789e-24  -3.15173e-24
82  -3.57015e-24  -3.77373e-24
83  -4.24993e-24  -4.51672e-24
84  -5.0571e-24  -5.40388e-24
85  -6.01515e-24  -6.46277e-24
86  -7.15178e-24  -7.72613e-24
87  -8.49973e-24  -9.23286e-24
88  -1.00976e-23  -1.10291e-23
89  -1.1991e-23  -1.31697e-23
90  -1.42336e-23  -1.57197e-23
91  -1.68886e-23  -1.87561e-23
92  -2.00306e-23  -2.23702e-23
93  -2.37474e-23  -2.66704e-23
94  -2.81421e-23  -3.17849e-23
95  -3.33362e-23  -3.78655e-23
96  -3.94725e-23  -4.50917e-23
97  -4.67187e-23  -5.36762e-23
98  -5.52719e-23  -6.38701e-23
99  -6.53635e-23  -7.59704e-23
100  -7.72648e-23  -9.03281e-23
101  -9.12942e-23  -1.07358e-22
102  -1.07825e-22  -1.27548e-22
103  -1.27295e-22  -1.51477e-22
104  -1.50215e-22  -1.79825e-22
105  -1.77186e-22  -2.13395e-22
106  -2.08908e-22  -2.53133e-22
107  -2.46203e-22  -3.00155e-22
108  -2.90028e-22  -3.55772e-22
109  -3.41504e-22  -4.21532e-22
110  -4.01938e-22  -4.99251e-22
111  -4.72856e-22  -5.91069e-22
112  -5.56038e-22  -6.99501e-22
113  -6.53558e-22  -8.27501e-22
114  -7.67835e-22  -9.78541e-22
115  -9.01683e-22  -1.1567e-21
116  -1.05838e-21  -1.36675e-21
117  -1.24173e-21  -1.61432e-21
118  -1.45617e-21  -1.90599e-21
119  -1.70685e-21  -2.24947e-21
120  -1.99974e-21  -2.6538e-21
121  -2.34178e-21  -3.12958e-21
122  -2.74102e-21  -3.68921e-21
123  -3.20678e-21  -4.34719e-21
124  -3.74986e-21  -5.1205e-21
125  -4.38278e-21  -6.02898e-21
126  -5.12e-21  -7.09584e-21
127  -5.97825e-21  -8.34816e-21
128  -6.97688e-21  -9.81761e-21
129  -8.13821e-21  -1.15411e-20
130  -9.48799e-21  -1.35618e-20
131  -1.1056e-20  -1.59298e-20
132  -1.28763e-20  -1.87039e-20
133  -1.49885e-20  -2.19522e-20
134  -1.74379e-20  -2.57544e-20
135  -2.02767e-20  -3.02029e-20
136  -2.35648e-20  -3.54055e-20
137  -2.73711e-20  -4.14874e-20
138  -3.17744e-20  -4.85945e-20
139  -3.68652e-20  -5.68958e-20
140  -4.27472e-20  -6.65882e-20
141  -4.95391e-20  -7.78998e-20
142  -5.73762e-20  -9.10956e-20
143  -6.64136e-20  -1.06483e-19
144  -7.68278e-20  -1.24418e-19
145  -8.88205e-20  -1.45314e-19
146  -1.02621e-19  -1.6965e-19
147  -1.1849e-19  -1.97978e-19
148  -1.36725e-19  -2.3094e-19
149  -1.57661e-19  -2.69277e-19
150  -1.81682e-19  -3.13847e-19
151  -2.09219e-19  -3.6564e-19
152  -2.40761e-19  -4.25799e-19
153  -2.7686e-19  -4.95647e-19
154  -3.1814e-19  -5.76706e-19
155  -3.65302e-19  -6.70734e-19
156  -4.19134e-19  -7.79757e-19
157  -4.80522e-19  -9.06111e-19
158  -5.50458e-19  -1.05248e-18
159  -6.30051e-19  -1.22197e-18
160  -7.20542e-19  -1.41812e-18
161  -8.23308e-19  -1.64504e-18
162  -9.39884e-19  -1.90743e-18
163  -1.07197e-18  -2.21068e-18
164  -1.22144e-18  -2.56101e-18
165  -1.39037e-18  -2.96552e-18
166  -1.58104e-18  -3.43237e-18
167  -1.79593e-18  -3.97091e-18
168  -2.03775e-18  -4.59184e-18
169  -2.30947e-18  -5.30744e-18
170  -2.61424e-18  -6.13171e-18
171  -2.9555e-18  -7.0807e-18
172  -3.33689e-18  -8.17272e-18
173  -3.76225e-18  -9.42871e-18
174  -4.23562e-18  -1.08725e-17
175  -4.76118e-18  -1.25315e-17
176  -5.34319e-18  -1.44365e-17
177  -5.98595e-18  -1.66231e-17
178  -6.69363e-18  -1.91315e-17
179  -7.47018e-18  -2.20075e-17
180  -8.31917e-18  -2.53031e-17
181  -9.24351e-18  -2.90777e-17
182  -1.02452e-17  -3.33983e-17
183  -1.1325e-17  -3.83412e-17
184  -1.24821e-17  -4.39928e-17
185  -1.3713e-17  -5.04511e-17
186  -1.50119e-17  -5.78267e-17
187  -1.63688e-17  -6.62452e-17
188  -1.77692e-17  -7.58481e-17
189  -1.91926e-17  -8.67955e-17
190  -2.06112e-17  -9.92678e-17
191  -2.1988e-17  -1.13469e-16
192  -2.32746e-17  -1.29627e-16
193  -2.44089e-17  -1.48001e-16
194  -2.53121e-17  -1.68881e-16
195  -2.58848e-17  -1.92592e-16
196  -2.60026e-17  -2.195e-16
197  -2.55113e-17  -2.50014e-16
198  -2.42208e-17  -2.84592e-16
199  -2.18974e-17  -3.23749e-16
200  -1.82556e-17  -3.68056e-16
201  -1.29477e-17  -4.18152e-16
202  -5.55228e-18  -4.74751e-16
203  4.44045e-18  -5.38643e-16
204  1.76449e-17  -6.1071e-16
205  3.47996e-17  -6.91928e-16
206  5.67904e-17  -7.8338e-16
207  8.46768e-17  -8.86262e-16
208  1.19724e-16  -1.0019e-15
209  1.63439e-16  -1.13174e-15
210  2.17614e-16  -1.27738e-15
211  2.84378e-16  -1.4406e-15
212  3.66251e-16  -1.6233e-15
213  4.66217e-16  -1.82759e-15
214  5.87803e-16  -2.05576e-15
215  7.35167e-16  -2.31028e-15
216  9.13211e-16  -2.59386e-15
217  1.1277e-15  -2.90938e-15
218  1.38542e-15  -3.25997e-15
219  1.69432e-15  -3.64895e-15
220  2.06373e-15  -4.07987e-15
221  2.50458e-15  -4.55647e-15
222  3.02966e-15  -5.08268e-15
223  3.65393e-15  -5.66263e-15
224  4.39482e-15  -6.30053e-15
225  5.27271e-15  -7.00072e-15
226  6.31134e-15  -7.76754e-15
227  7.53834e-15  -8.6053e-15
228  8.98588e-15  -9.51814e-15
229  1.06913e-14  -1.05099e-14
230  1.26981e-14  -1.15841e-14
231  1.50567e-14  -1.27434e-14
232  1.78255e-14  -1.39899e-14
233  2.10722e-14  -1.53241e-14
234  2.48754e-14  -1.67453e-14
235  2.93257e-14  -1.82508e-14
236  3.45281e-14  -1.98353e-14
237  4.0604e-14  -2.14904e-14
238  4.76932e-14  -2.32039e-14
239  5.59575e-14  -2.49587e-14
240  6.55831e-14  -2.67321e-14
241  7.67848e-14  -2.84943e-14
242  8.98098e-14  -3.02068e-14
243  1.04943e-13  -3.18211e-14
244  1.22511e-13  -3.32763e-14
245  1.4289e-13  -3.44967e-14
246  1.66513e-13  -3.53892e-14
247  1.93876e-13  -3.58402e-14
248  2.25548e-13  -3.57113e-14
249  2.62182e-13  -3.48351e-14
250  3.04527e-13  -3.30101e-14
251  3.53438e-13  -2.99949e-14
252  4.09898e-13  -2.55006e-14
253  4.75028e-13  -1.91837e-14
254  5.50113e-13  -1.06357e-14
255  6.36619e-13  6.26729e-16
256  7.3622e-13  1.51746e-14
257  8.50831e-13  3.36808e-14
258  9.82634e-13  5.69367e-14
259  1.13412e-12  8.5871e-14
260  1.30812e-12  1.21572e-13
261  1.50787e-12  1.6531e-13
262  1.73704e-12  2.18572e-13
263  1.99984e-12  2.83088e-13
264  2.30101e-12  3.60872e-13
265  2.64598e-12  4.54265e-13
266  3.04091e-12  5.65982e-13
267  3.49276e-12  6.99174e-13
268  4.0095e-12  8.57483e-13
269  4.60011e-12  1.04513e-12
270  5.27481e-12  1.26697e-12
271  6.04517e-12  1.52862e-12
272  6.9243e-12  1.83657e-12
273  7.92706e-12  2.19825e-12
274  9.07025e-12  2.62223e-12
275  1.03729e-11  3.11837e-12
276  1.18565e-11  3.69796e-12
277  1.35454e-11  4.37397e-12
278  1.5467e-11  5.16125e-12
279  1.76523e-11  6.07682e-12
280  2.01364e-11  7.14012e-12
281  2.29587e-11  8.37342e-12
282  2.61638e-11  9.8021e-12
283  2.98019e-11  1.14552e-11
284  3.39295e-11  1.33657e-11
285  3.86104e-11  1.55714e-11
286  4.39162e-11  1.81151e-11
287  4.99276e-11  2.10457e-11
288  5.67354e-11  2.44188e-11
289  6.44414e-11  2.82973e-11
290  7.31604e-11  3.27531e-11
291  8.30209e-11  3.78674e-11
292  9.41676e-11  4.37325e-11
293  1.06762e-10  5.0453e-11
294  1.20987e-10  5.81472e-11
295  1.37046e-10  6.69492e-11
296  1.55167e-10  7.70107e-11
297  1.75607e-10  8.85031e-11
298  1.98651e-10  1.0162e-10
299  2.2462e-10  1.16581e-10
300  2.53874e-10  1.33632e-10
301  2.86813e-10  1.53051e-10
302  3.23885e-10  1.75154e-10
303  3.65591e-10  2.00293e-10
304  4.12491e-10  2.28867e-10
305  4.65209e-10  2.61324e-10
306  5.24441e-10  2.98169e-10
307  5.90964e-10  3.39967e-10
308  6.65644e-10  3.87357e-10
309  7.49446e-10  4.41053e-10
310  8.43444e-10  5.01857e-10
311  9.48836e-10  5.70671e-10
312  1.06695e-09  6.48504e-10
313  1.19927e-09  7.36487e-10
314  1.34745e-09  8.35888e-10
315  1.5133e-09  9.48125e-10
316  1.69888e-09  1.07478e-09
317  1.90642e-09  1.21764e-09
318  2.13845e-09  1.37868e-09
319  2.39774e-09  1.56012e-09
320  2.68737e-09  1.76444e-09
321  3.01076e-09  1.99439e-09
322  3.37171e-09  2.25307e-09
323  3.7744e-09  2.54389e-09
324  4.22348e-09  2.87071e-09
325  4.72409e-09  3.23778e-09
326  5.28192e-09  3.64985e-09
327  5.90326e-09  4.11222e-09
328  6.59504e-09  4.63075e-09
329  7.36495e-09  5.212e-09
330  8.22146e-09  5.86322e-09
331  9.17393e-09  6.59249e-09
332  1.02327e-08  7.40877e-09
333  1.14091e-08  8.322e-09
334  1.27157e-08  9.34321e-09
335  1.41664e-08  1.04846e-08
336  1.57763e-08  1.17598e-08
337  1.75623e-08  1.31838e-08
338  1.95427e-08  1.47732e-08
339  2.17379e-08  1.65464e-08
340  2.41702e-08  1.85237e-08
341  2.68641e-08  2.07276e-08
342  2.98466e-08  2.31831e-08
343  3.31472e-08  2.59175e-08
344  3.67983e-08  2.89612e-08
345  4.08357e-08  3.23477e-08
346  4.52983e-08  3.61138e-08
347  5.02291e-08  4.03004e-08
348  5.56748e-08  4.49522e-08
349  6.16868e-08  5.01186e-08
350  6.83214e-08  5.58542e-08
351  7.56402e-08  6.22189e-08
352  8.37103e-08  6.92784e-08
353  9.26054e-08  7.71054e-08
354  1.02406e-07  8.57795e-08
355  1.132e-07  9.53883e-08
356  1.25082e-07  1.06028e-07
357  1.38158e-07  1.17804e-07
358  1.52542e-07  1.30831e-07
359  1.68359e-07  1.45238e-07
360  1.85742e-07  1.61164e-07
361  2.04842e-07  1.7876e-07
362  2.25817e-07  1.98194e-07
363  2.48843e-07  2.19649e-07
364  2.74111e-07  2.43325e-07
365  3.01827e-07  2.69441e-07
366  3.32217e-07  2.98236e-07
367  3.65524e-07  3.29972e-07
368  4.02014e-07  3.64936e-07
369  4.41974e-07  4.03438e-07
370  4.85718e-07  4.4582e-07
371  5.33582e-07  4.92452e-07
372  5.85936e-07  5.43741e-07
373  6.43175e-07  6.00128e-07
374  7.0573e-07  6.62093e-07
375  7.74067e-07  7.30161e-07
376  8.48689e-07  8.04902e-07
377  9.30141e-07  8.86937e-07
378  1.01901e-06  9.7694e-07
379  1.11593e-06  1.07564e-06
380  1.2216e-06  1.18385e-06
381  1.33674e-06  1.30241e-06
382  1.46216e-06  1.43228e-06
383  1.59872e-06  1.57448e-06
384  1.74734e-06  1.7301e-06
385  1.90903e-06  1.90035e-06
386  2.08485e-06  2.08653e-06
387  2.27597e-06  2.29004e-06
388  2.48362e-06  2.5124e-06
389  2.70914e-06  2.75527e-06
390  2.95397e-06  3.02043e-06
391  3.21963e-06  3.30981e-06
392  3.50779e-06  3.62548e-06
393  3.82021e-06  3.9697e-06
394  4.15879e-06  4.3449e-06
395  4.52557e-06  4.7537e-06
396  4.9227e-06  5.19892e-06
397  5.35254e-06  5.68362e-06
398  5.81755e-06  6.21108e-06
399  6.3204e-06  6.78484e-06
400  6.86394e-06  7.40871e-06
401  7.45118e-06  8.08679e-06
402  8.08537e-06  8.82349e-06
403  8.76995e-06  9.62356e-06
404  9.50859e-06  1.04921e-05
405  1.03052e-05  1.14345e-05
406  1.1164e-05  1.24568e-05
407  1.20893e-05  1.35652e-05
408  1.30859e-05  1.47665e-05
409  1.41587e-05  1.60679e-05
410  1.53131e-05  1.74771e-05
411  1.65547e-05  1.90027e-05
412  1.78894e-05  2.06533e-05
413  1.93236e-05  2.24386e-05
414  2.0864e-05  2.43688e-05
415  2.25175e-05  2.64547e-05
416  2.42918e-05  2.8708e-05
417  2.61946e-05  3.11411e-05
418  2.82343e-05  3.37674e-05
419  3.04197e-05  3.66008e-05
420  3.276e-05  3.96566e-05
421  3.5265e-05  4.29508e-05
422  3.79449e-05  4.65005e-05
423  4.08105e-05  5.0324e-05
424  4.38731e-05  5.44406e-05
425  4.71446e-05  5.88711e-05
426  5.06373e-05  6.36372e-05
427  5.43644e-05  6.87624e-05
428  5.83394e-05  7.42713e-05
429  6.25766e-05  8.01902e-05
430  6.70908e-05  8.65468e-05
431  7.18976e-05  9.33708e-05
432  7.7013e-05  0.000100693
433  8.2454e-05  0.000108547
434  8.82378e-05  0.000116968
435  9.43828e-05  0.000125993
436  0.000100908  0.00013566
437  0.000107832  0.000146011
438  0.000115175  0.000157091
439  0.000122959  0.000168944
440  0.000131204  0.000181619
441  0.000139932  0.000195168
442  0.000149167  0.000209644
443  0.00015893  0.000225105
444  0.000169247  0.000241609
445  0.00018014  0.00025922
446  0.000191635  0.000278003
447  0.000203756  0.000298028
448  0.000216529  0.000319366
449  0.000229979  0.000342095
450  0.000244133  0.000366294
451  0.000259014  0.000392045
452  0.00027465  0.000419437
453  0.000291066  0.00044856
454  0.000308287  0.000479511
455  0.000326338  0.000512387
456  0.000345243  0.000547293
457  0.000365026  0.000584337
458  0.00038571  0.000623632
459  0.000407315  0.000665294
460  0.000429862  0.000709446
461  0.000453369  0.000756213
462  0.000477853  0.000805727
463  0.000503328  0.000858124
464  0.000529806  0.000913545
465  0.000557296  0.000972136
466  0.000585804  0.00103405
467  0.000615332  0.00109943
468  0.000645878  0.00116846
469  0.000677436  0.00124128
470  0.000709995  0.00131808
471  0.000743537  0.00139903
472  0.000778041  0.00148431
473  0.000813476  0.00157409
474  0.000849806  0.00166858
475  0.000886986  0.00176796
476  0.000924963  0.00187244
477  0.000963674  0.00198221
478  0.00100304  0.00209748
479  0.00104299  0.00221845
480  0.00108342  0.00234535
481  0.00112422  0.00247838
482  0.00116526  0.00261775
483  0.00120642  0.0027637
484  0.00124753  0.00291643
485  0.00128842  0.00307618
486  0.0013289  0.00324315
487  0.00136877  0.00341757
488  0.00140778  0.00359966
489  0.00144569  0.00378964
490  0.00148221  0.00398773
491  0.00151704  0.00419412
492  0.00154985  0.00440904
493  0.00158028  0.00463267
494  0.00160792  0.00486523
495  0.00163237  0.00510689
496  0.00165315  0.00535782
497  0.00166976  0.00561821
498  0.00168168  0.0058882
499  0.00168832  0.00616793
500  0.00168907  0.00645754
501  0.00168325  0.00675714
502  0.00167015  0.00706681
503  0.001649  0.00738663
504  0.00161899  0.00771664
505  0.00157924  0.00805689
506  0.00152881  0.00840735
507  0.00146672  0.00876802
508  0.0013919  0.00913881
509  0.00130322  0.00951965
510  0.00119949  0.0099104
511  0.00107944  0.0103109
512  0.000941715  0.0107209
513  0.0007849  0.0111402
514  0.000607482  0.0115685
515  0.000407865  0.0120053
516  0.000184365  0.0124504
517  -6.4797e-05  0.0129033
518  -0.000341494  0.0133633
519  -0.0006477  0.01383
520  -0.000985493  0.0143027
521  -0.00135706  0.0147806
522  -0.00176469  0.0152629
523  -0.00221079  0.0157487
524  -0.0026979  0.0162372
525  -0.00322865  0.0167271
526  -0.00380583  0.0172174
527  -0.00443232  0.0177069
528  -0.00511117  0.0181941
529  -0.00584554  0.0186776
530  -0.00663873  0.0191558
531  -0.0074942  0.0196271
532  -0.00841552  0.0200897
533  -0.00940645  0.0205416
534  -0.0104709  0.0209807
535  -0.0116128  0.021405
536  -0.0128365  0.0218121
537  -0.0141463  0.0221994
538  -0.0155467  0.0225645
539  -0.0170425  0.0229045
540  -0.0186383  0.0232164
541  -0.0203394  0.0234973
542  -0.0221508  0.0237438
543  -0.0240779  0.0239525
544  -0.0261263  0.0241198
545  -0.0283017  0.024242
546  -0.0306099  0.024315
547  -0.033057  0.0243347
548  -0.0356492  0.0242968
549  -0.038393  0.0241968
550  -0.0412948  0.0240298
551  -0.0443615  0.0237909
552  -0.0475999  0.0234751
553  -0.0510172  0.0230769
554  -0.0546205  0.0225907
555  -0.0584173  0.0220109
556  -0.0624153  0.0213313
557  -0.066622  0.0205459
558  -0.0710454  0.019648
559  -0.0756935  0.0186312
560  -0.0805745  0.0174886
561  -0.0856967  0.016213
562  -0.0910685  0.0147971
563  -0.0966986  0.0132335
564  -0.102595  0.0115144
565  -0.108768  0.0096318
566  -0.115225  0.00757761
567  -0.121976  0.00534345
568  -0.129029  0.00292071
569  -0.136394  0.000300639
570  -0.14408  -0.00252575
571  -0.152096  -0.00556762
572  -0.160452  -0.00883433
573  -0.169156  -0.0123354
574  -0.178218  -0.0160806
575  -0.187648  -0.0200796
576  -0.197455  -0.0243427
577  -0.207647  -0.0288799
578  -0.218234  -0.0337015
579  -0.229226  -0.038818
580  -0.240631  -0.0442399
581  -0.252459  -0.0499779
582  -0.264717  -0.0560426
583  -0.277416  -0.062445
584  -0.290563  -0.0691959
585  -0.304167  -0.0763062
586  -0.318236  -0.0837869
587  -0.332778  -0.0916489
588  -0.347801  -0.0999032
589  -0.363312  -0.108561
590  -0.379318  -0.117633
591  -0.395827  -0.127129
592  -0.412845  -0.137062
593  -0.430378  -0.147441
594  -0.448433  -0.158277
595  -0.467014  -0.169581
596  -0.486127  -0.181362
597  -0.505776  -0.193631
598  -0.525966  -0.206398
599  -0.546701  -0.219672
600  -0.567983  -0.233463
601  -0.589816  -0.24778
602  -0.612201  -0.262631
603  -0.63514  -0.278025
604  -0.658635  -0.293971
605  -0.682685  -0.310476
606  -0.707291  -0.327547
607  -0.732451  -0.345191
608  -0.758165  -0.363415
609  -0.784429  -0.382224
610  -0.811242  -0.401625
611  -0.838599  -0.421622
612  -0.866496  -0.442219
613  -0.894927  -0.463421
614  -0.923888  -0.485231
615  -0.953372  -0.50765
616  -0.98337  -0.530681
617  -1.01387  -0.554326
618  -1.04488  -0.578585
619  -1.07637  -0.603457
620  -1.10833  -0.628942
621  -1.14077  -0.655039
622  -1.17365  -0.681744
623  -1.20698  -0.709054
624  -1.24073  -0.736966
625  -1.27489  -0.765474
626  -1.30945  -0.794573
627  -1.34438  -0.824256
628  -1.37967  -0.854515
629  -1.41531  -0.885343
630  -1.45127  -0.91673
631  -1.48753  -0.948666
632  -1.52408  -0.981139
633  -1.56088  -1.01414
634  -1.59793  -1.04765
635  -1.63518  -1.08166
636  -1.67263  -1.11616
637  -1.71025  -1.15112
638  -1.748  -1.18653
639  -1.78587  -1.22238
640  -1.82383  -1.25865
641  -1.86184  -1.29531
642  -1.89989  -1.33235
643  -1.93794  -1.36974
644  -1.97597  -1.40746
645  -2.01394  -1.4455
646  -2.05183  -1.48382
647  -2.08959  -1.5224
648  -2.12722  -1.56122
649  -2.16466  -1.60025
650  -2.20189  -1.63946
651  -2.23888  -1.67882
652  -2.27559  -1.71832
653  -2.312  -1.75791
654  -2.34806  -1.79757
655  -2.38375  -1.83727
656  -2.41904  -1.87698
657  -2.45388  -1.91666
658  -2.48826  -1.95629
659  -2.52212  -1.99583
660  -2.55545  -2.03525
661  -2.58821  -2.07451
662  -2.62037  -2.11359
663  -2.6519  -2.15245
664  -2.68275  -2.19105
665  -2.71291  -2.22936
666  -2.74234  -2.26736
667  -2.77101  -2.30499
668  -2.79889  -2.34223
669  -2.82595  -2.37905
670  -2.85217  -2.41541
671  -2.87751  -2.45127
672  -2.90194  -2.4866
673  -2.92545  -2.52138
674  -2.948  -2.55555
675  -2.96957  -2.5891
676  -2.99014  -2.62199
677  -3.00968  -2.65418
678  -3.02817  -2.68565
679  -3.04559  -2.71636
680  -3.06192  -2.74629
681  -3.07714  -2.77539
682  -3.09123  -2.80365
683  -3.10418  -2.83103
684  -3.11597  -2.85751
685  -3.12659  -2.88306
686  -3.13602  -2.90765
687  -3.14425  -2.93126
688  -3.15127  -2.95386
689  -3.15708  -2.97543
690  -3.16166  -2.99595
691  -3.16501  -3.0154
692  -3.16712  -3.03375
693  -3.16799  -3.05099
694  -3.16762  -3.0671
695  -3.166  -3.08206
696  -3.16314  -3.09586
697  -3.15904  -3.10849
698  -3.15371  -3.11992
699  -3.14714  -3.13015
700  -3.13934  -3.13918
701  -3.13934  -3.13918
702  -3.13934  -3.13918
703  -3.13934  -3.13918
704  -3.13934  -3.13918
705  -3.13934  -3.13918
706  -3.13934  -3.13918
707  -3.13934  -3.13918
708  -3.13934  -3.13918
709  -3.13934  -3.13918
710  -3.13934  -3.13918
711  -3.13934  -3.13918
712  -3.13934  -3.13918
713  -3.13934  -3.13918
714  -3.13934  -3.13918
715  -3.13934  -3.13918
716  -3.13934  -3.13918
717  -3.13934  -3.13918
718  -3.13934  -3.13918
719  -3.13934  -3.13918
720  -3.13934  -3.13918
721  -3.13934  -3.13918
722  -3.13934  -3.13918
723  -3.13934  -3.13918
724  -3.13934  -3.13918
725  -3.13934  -3.13918
726  -3.13934  -3.13918
727  -3.13934  -3.13918
728  -3.13934  -3.13918
729  -3.13934  -3.13918
730  -3.13934  -3.13918
731  -3.13934  -3.13918
732  -3.13934  -3.13918
733  -3.13934  -3.13918
734  -3.13934  -3.13918
735  -3.13934  -3.13918
736  -3.13934  -3.13918
737  -3.13934  -3.13918
738  -3.13934  -3.13918
739  -3.13934  -3.13918
740  -3.13934  -3.13918
741  -3.13934  -3.13918
742  -3.13934  -3.13918
743  -3.13934  -3.13918
744  -3.13934  -3.13918
745  -3.13934  -3.13918
746  -3.13934  -3.13918
747  -3.13934  -3.13918
748  -3.13934  -3.13918
749  -3.13934  -3.13918
750  -3.13934  -3.13918
751  -3.13934  -3.13918
752  -3.13934  -3.13918
753  -3.13934  -3.13918
754  -3.13934  -3.13918
755  -3.13934  -3.13918
756  -3.13934  -3.13918
757  -3.13934  -3.13918
758  -3.13934  -3.13918
759  -3.13934  -3.13918
760  -3.13934  -3.13918
761  -3.13934  -3.13918
762  -3.13934  -3.13918
763  -3.13934  -3.13918
764  -3.13934  -3.13918
765  -3.13934  -3.13918
766  -3.13934  -3.13918
767  -3.13934  -3.13918
768  -3.13934  -3.13918
769  -3.13934  -3.13918
770  -3.13934  -3.13918
771  -3.13934  -3.13918
772  -3.13934  -3.13918
773  -3.13934  -3.13918
774  -3.13934  -3.13918
775  -3.13934  -3.13918
776  -3.13934  -3.13918
777  -3.13934  -3.13918
778  -3.13934  -3.13918
779  -3.13934  -3.13918
780  -3.13934  -3.13918
781  -3.13934  -3.13918
782  -3.13934  -3.13918
783  -3.13934  -3.13918
784  -3.13934  -3.13918
785  -3.13934  -3.13918
786  -3.13934  -3.13918
787  -3.13934  -3.13918
788  -3.13934  -3.13918
789  -3.13934  -3.13918
790  -3.13934  -3.13918
791  -3.13934  -3.13918
792  -3.13934  -3.13918
793  -3.13934  -3.13918
794  -3.13934  -3.13918
795  -3.13934  -3.13918
796  -3.13934  -3.13918
797  -3.13934  -3.13918
798  -3.13934  -3.13918
799  -3.13934  -3.13918
800  -3.13934  -3.13918
801  -3.13934  -3.13918
802  -3.13934  -3.13918
803  -3.13934  -3.13918
804  -3.13934  -3.13918
805  -3.13934  -3.13918
806  -3.13934  -3.13918
807  -3.13934  -3.13918
808  -3.13934  -3.13918
809  -3.13934  -3.13918
810  -3.13934  -3.13918
811  -3.13934  -3.13918
812  -3.13934  -3.13918
813  -3.13934  -3.13918
814  -3.13934  -3.13918
815  -3.13934  -3.13918
816  -3.13934  -3.13918
817  -3.13934  -3.13918
818  -3.13934  -3.13918
819  -3.13934  -3.13918
820  -3.13934  -3.13918
821  -3.13934  -3.13918
822  -3.13934  -3.13918
823  -3.13934  -3.13918
824  -3.13934  -3.13918
825  -3.13934  -3.13918
826  -3.13934  -3.13918
827  -3.13934  -3.13918
828  -3.13934  -3.13918
829  -3.13934  -3.13918
830  -3.13934  -3.13918
831  -3.13934  -3.13918
832  -3.13934  -3.13918
833  -3.13934  -3.13918
834  -3.13934  -3.13918
835  -3.13934  -3.13918
836  -3.13934  -3.13918
837  -3.13934  -3.13918
838  -3.13934  -3.13918
839  -3.13934  -3.13918
840  -3.13934  -3.13918
841  -3.13934  -3.13918
842  -3.13934  -3.13918
843  -3.13934  -3.13918
844  -3.13934  -3.13918
845  -3.13934  -3.13918
846  -3.13934  -3.13918
847  -3.13934  -3.13918
848  -3.13934  -3.13918
849  -3.13934  -3.13918
850  -3.13934  -3.13918
851  -3.13934  -3.13918
852  -3.13934  -3.13918
853  -3.13934  -3.13918
854  -3.13934  -3.13918
855  -3.13934  -3.13918
856  -3.13934  -3.13918
857  -3.13934  -3.13918
858  -3.13934  -3.13918
859  -3.13934  -3.13918
860  -3.13934  -3.13918
861  -3.13934  -3.13918
862  -3.13934  -3.13918
863  -3.13934  -3.13918
864  -3.13934  -3.13918
865  -3.13934  -3.13918
866  -3.13934  -3.13918
867  -3.13934  -3.13918
868  -3.13934  -3.13918
869  -3.13934  -3.13918
870  -3.13934  -3.13918
871  -3.13934  -3.13918
872  -3.13934  -3.13918
873  -3.13934  -3.13918
874  -3.13934  -3.13918
875  -3.13934  -3.13918
876  -3.13934  -3.13918
877  -3.13934  -3.13918
878  -3.13934  -3.13918
879  -3.13934  -3.13918
880  -3.13934  -3.13918
881  -3.13934  -3.13918
882  -3.13934  -3.13918
883  -3.13934  -3.13918
884  -3.13934  -3.13918
885  -3.13934  -3.13918
886  -3.13934  -3.13918
887  -3.13934  -3.13918
888  -3.13934  -3.13918
889  -3.13934  -3.13918
890  -3.13934  -3.13918
891  -3.13934  -3.13918
892  -3.13934  -3.13918
893  -3.13934  -3.13918
894  -3.13934  -3.13918
895  -3.13934  -3.13918
896  -3.13934  -3.13918
897  -3.13934  -3.13918
898  -3.13934  -3.13918
899  -3.13934  -3.13918
900  -3.13934  -3.13918
901  -3.13934  -3.13918
902  -3.13934  -3.13918
903  -3.13934  -3.13918
904  -3.13934  -3.13918
905  -3.13934  -3.13918
906  -3.13934  -3.13918
907  -3.13934  -3.13918
908  -3.13934  -3.13918
909  -3.13934  -3.13918
910  -3.13934  -3.13918
911  -3.13934  -3.13918
912  -3.13934  -3.13918
913  -3.13934  -3.13918
914  -3.13934  -3.13918
915  -3.13934  -3.13918
916  -3.13934  -3.13918
917  -3.13934  -3.13918
918  -3.13934  -3.13918
919  -3.13934  -3.13918
920  -3.13934  -3.13918
921  -3.13934  -3.13918
922  -3.13934  -3.13918
923  -3.13934  -3.13918
924  -3.13934  -3.13918
925  -3.13934  -3.13918
926  -3.13934  -3.13918
927  -3.13934  -3.13918
928  -3.13934  -3.13918
929  -3.13934  -3.13918
930  -3.13934  -3.13918
931  -3.13934  -3.13918
932  -3.13934  -3.13918
933  -3.13934  -3.13918
934  -3.13934  -3.13918
935  -3.13934  -3.13918
936  -3.13934  -3.13918
937  -3.13934  -3.13918
938  -3.13934  -3.13918
939  -3.13934  -3.13918
940  -3.13934  -3.13918
941  -3.13934  -3.13918
942  -3.13934  -3.13918
943  -3.13934  -3.13918
944  -3.13934  -3.13918
945  -3.13934  -3.13918
946  -3.13934  -3.13918
947  -3.13934  -3.13918
948  -3.13934  -3.13918
949  -3.13934  -3.13918
950  -3.13934  -3.13918
951  -3.13934  -3.13918
952  -3.13934  -3.13918
953  -3.13934  -3.13918
954  -3.13934  -3.13918
955  -3.13934  -3.13918
956  -3.13934  -3.13918
957  -3.13934  -3.13918
958  -3.13934  -3.13918
959  -3.13934  -3.13918
960  -3.13934  -3.13918
961  -3.13934  -3.13918
962  -3.13934  -3.13918
963  -3.13934  -3.13918
964  -3.13934  -3.13918
965  -3.13934  -3.13918
966  -3.13934  -3.13918
967  -3.13934  -3.13918
968  -3.13934  -3.13918
969  -3.13934  -3.13918
970  -3.13934  -3.13918
971  -3.13934  -3.13918
972  -3.13934  -3.13918
973  -3.13934  -3.13918
974  -3.13934  -3.13918
975  -3.13934  -3.13918
976  -3.13934  -3.13918
977  -3.13934  -3.13918
978  -3.13934  -3.13918
979  -3.13934  -3.13918
980  -3.13934  -3.13918
981  -3.13934  -3.13918
982  -3.13934  -3.13918
983  -3.13934  -3.13918
984  -3.13934  -3.13918
985  -3.13934  -3.13918
986  -3.13934  -3.13918
987  -3.13934  -3.13918
988  -3.13934  -3.13918
989  -3.13934  -3.13918
990  -3.13934  -3.13918
991  -3.13934  -3.13918
992  -3.13934  -3.13918
993  -3.13934  -3.13918
994  -3.13934  -3.13918
995  -3.13934  -3.13918
996  -3.13934  -3.13918
997  -3.13934  -3.13918
998  -3.13934  -3.13918
999  -3.13934  -3.13918
1000  -3.13934  -3.13918
1001  -3.13934  -3.13918
1002  -3.13934  -3.13918
1003  -3.13934  -3.13918
1004  -3.13934  -3.13918
1005  -3.13934  -3.13918
1006  -3.13934  -3.13918
1007  -3.13934  -3.13918
1008  -3.13934  -3.13918
1009  -3.13934  -3.13918
1010  -3.13934  -3.13918
1011  -3.13934  -3.13918
1012  -3.13934  -3.13918
1013  -3.13934  -3.13918
1014  -3.13934  -3.13918
1015  -3.13934  -3.13918
1016  -3.13934  -3.13918
1017  -3.13934  -3.13918
1018  -3.13934  -3.13918
1019  -3.13934  -3.13918
1020  -3.13934  -3.13918
1021  -3.13934  -3.13918
1022  -3.13934  -3.13918
1023  -3.13934  -3.13918
1024  -3.13934  -3.13918
1025  -3.13934  -3.13918
1026  -3.13934  -3.13918
1027  -3.13934  -3.13918
1028  -3.13934  -3.13918
1029  -3.13934  -3.13918
1030  -3.13934  -3.13918
1031  -3.13934  -3.13918
1032  -3.13934  -3.13918
1033  -3.13934  -3.13918
1034  -3.13934  -3.13918
1035  -3.13934  -3.13918
1036  -3.13934  -3.13918
1037  -3.13934  -3.13918
1038  -3.13934  -3.13918
1039  -3.13934  -3.13918
1040  -3.13934  -3.13918
1041  -3.13934  -3.13918
1042  -3.13934  -3.13918
1043  -3.13934  -3.13918
1044  -3.13934  -3.13918
1045  -3.13934  -3.13918
1046  -3.13934  -3.13918
1047  -3.13934  -3.13918
1048  -3.13934  -3.13918
1049  -3.13934  -3.13918
1050  -3.13934  -3.13918
1051  -3.13934  -3.13918
1052  -3.13934  -3.13918
1053  -3.13934  -3.13918
1054  -3.13934  -3.13918
1055  -3.13934  -3.13918
1056  -3.13934  -3.13918
1057  -3.13934  -3.13918
1058  -3.13934  -3.13918
1059  -3.13934  -3.13918
1060  -3.13934  -3.13918
1061  -3.13934  -3.13918
1062  -3.13934  -3.13918
1063  -3.13934  -3.13918
1064  -3.13934  -3.13918
1065  -3.13934  -3.13918
1066  -3.13934  -3.13918
1067  -3.13934  -3.13918
1068  -3.13934  -3.13918
1069  -3.13934  -3.13918
1070  -3.13934  -3.13918
1071  -3.13934  -3.13918
1072  -3.13934  -3.13918
1073  -3.13934  -3.13918
1074  -3.13934  -3.13918
1075  -3.13934  -3.13918
1076  -3.13934  -3.13918
1077  -3.13934  -3.13918
1078  -3.13934  -3.13918
1079  -3.13934  -3.13918
1080  -3.13934  -3.13918
1081  -3.13934  -3.13918
1082  -3.13934  -3.13918
1083  -3.13934  -3.13918
1084  -3.13934  -3.13918
1085  -3.13934  -3.13918
1086  -3.13934  -3.13918
1087  -3.13934  -3.13918
1088  -3.13934  -3.13918
1089  -3.13934  -3.13918
1090  -3.13934  -3.13918
1091  -3.13934  -3.13918
1092  -3.13934  -3.13918
1093  -3.13934  -3.13918
1094  -3.13934  -3.13918
1095  -3.13934  -3.13918
1096  -3.13934  -3.13918
1097  -3.13934  -3.13918
1098  -3.13934  -3.13918
1099  -3.13934  -3.13918
1100  -3.13934  -3.13918
1101  -3.13934  -3.13918
1102  -3.13934  -3.13918
1103  -3.13934  -3.13918
1104  -3.13934  -3.13918
1105  -3.13934  -3.13918
1106  -3.13934  -3.13918
1107  -3.13934  -3.13918
1108  -3.13934  -3.13918
1109  -3.13934  -3.13918
1110  -3.13934  -3.13918
1111  -3.13934  -3.13918
1112  -3.13934  -3.13918
1113  -3.13934  -3.13918
1114  -3.13934  -3.13918
1115  -3.13934  -3.13918
1116  -3.13934  -3.13918
1117  -3.13934  -3.13918
1118  -3.13934  -3.13918
1119  -3.13934  -3.13918
1120  -3.13934  -3.13918
1121  -3.13934  -3.13918
1122  -3.13934  -3.13918
1123  -3.13934  -3.13918
1124  -3.13934  -3.13918
1125  -3.13934  -3.13918
1126  -3.13934  -3.13918
1127  -3.13934  -3.13918
1128  -3.13934  -3.13918
1129  -3.13934  -3.13918
1130  -3.13934  -3.13918
1131  -3.13934  -3.13918
1132  -3.13934  -3.13918
1133  -3.13934  -3.13918
1134  -3.13934  -3.13918
1135  -3.13934  -3.13918
1136  -3.13934  -3.13918
1137  -3.13934  -3.13918
1138  -3.13934  -3.13918
1139  -3.13934  -3.13918
1140  -3.13934  -3.13918
1141  -3.13934  -3.13918
1142  -3.13934  -3.13918
1143  -3.13934  -3.13918
1144  -3.13934  -3.13918
1145  -3.13934  -3.13918
1146  -3.13934  -3.13918
1147  -3.13934  -3.13918
1148  -3.13934  -3.13918
1149  -3.13934  -3.13918
1150  -3.13934  -3.13918
1151  -3.13934  -3.13918
1152  -3.13934  -3.13918
1153  -3.13934  -3.13918
1154  -3.13934  -3.13918
1155  -3.13934  -3.13918
1156  -3.13934  -3.13918
1157  -3.13934  -3.13918
1158  -3.13934  -3.13918
1159  -3.13934  -3.13918
1160  -3.13934  -3.13918
1161  -3.13934  -3.13918
1162  -3.13934  -3.13918
1163  -3.13934  -3.13918
1164  -3.13934  -3.13918
1165  -3.13934  -3.13918
1166  -3.13934  -3.13918
1167  -3.13934  -3.13918
1168  -3.13934  -3.13918
1169  -3.13934  -3.13918
1170  -3.13934  -3.13918
1171  -3.13934  -3.13918
1172  -3.13934  -3.13918
1173  -3.13934  -3.13918
1174  -3.13934  -3.13918
1175  -3.13934  -3.13918
1176  -3.13934  -3.13918
1177  -3.13934  -3.13918
1178  -3.13934  -3.13918
1179  -3.13934  -3.13918
1180  -3.13934  -3.13918
1181  -3.13934  -3.13918
1182  -3.13934  -3.13918
1183  -3.13934  -3.13918
1184  -3.13934  -3.13918
1185  -3.13934  -3.13918
1186  -3.13934  -3.13918
1187  -3.13934  -3.13918
1188  -3.13934  -3.13918
1189  -3.13934  -3.13918
1190  -3.13934  -3.13918
1191  -3.13934  -3.13918
1192  -3.13934  -3.13918
1193  -3.13934  -3.13918
1194  -3.13934  -3.13918
1195  -3.13934  -3.13918
1196  -3.13934  -3.13918
1197  -3.13934  -3.13918
1198  -3.13934  -3.13918
1199  -3.13934  -3.13918
1200  -3.13934  -3.13918
1201  -3.13934  -3.13918
1202  -3.13934  -3.13918
1203  -3.13934  -3.13918
1204  -3.13934  -3.13918
1205  -3.13934  -3.13918
1206  -3.13934  -3.13918
1207  -3.13934  -3.13918
1208  -3.13934  -3.13918
1209  -3.13934  -3.13918
1210  -3.13934  -3.13918
1211  -3.13934  -3.13918
1212  -3.13934  -3.13918
1213  -3.13934  -3.13918
1214  -3.13934  -3.13918
1215  -3.13934  -3.13918
1216  -3.13934  -3.13918
1217  -3.13934  -3.13918
1218  -3.13934  -3.13918
1219  -3.13934  -3.13918
1220  -3.13934  -3.13918
1221  -3.13934  -3.13918
1222  -3.13934  -3.13918
1223  -3.13934  -3.13918
1224  -3.13934  -3.13918
1225  -3.13934  -3.13918
1226  -3.13934  -3.13918
1227  -3.13934  -3.13918
1228  -3.13934  -3.13918
1229  -3.13934  -3.13918
1230  -3.13934  -3.13918
1231  -3.13934  -3.13918
1232  -3.13934  -3.13918
1233  -3.13934  -3.13918
1234  -3.13934  -3.13918
1235  -3.13934  -3.13918
1236  -3.13934  -3.13918
1237  -3.13934  -3.13918
1238  -3.13934  -3.13918
1239  -3.13934  -3.13918
1240  -3.13934  -3.13918
1241  -3.13934  -3.13918
1242  -3.13934  -3.13918
1243  -3.13934  -3.13918
1244  -3.13934  -3.13918
1245  -3.13934  -3.13918
1246  -3.13934  -3.13918
1247  -3.13934  -3.13918
1248  -3.13934  -3.13918
1249  -3.13934  -3.13918
1250  -3.13934  -3.13918
1251  -3.13934  -3.13918
1252  -3.13934  -3.13918
1253  -3.13934  -3.13918
1254  -3.13934  -3.13918
1255  -3.13934  -3.13918
1256  -3.13934  -3.13918
1257  -3.13934  -3.13918
1258  -3.13934  -3.13918
1259  -3.13934  -3.13918
1260  -3.13934  -3.13918
1261  -3.13934  -3.13918
1262  -3.13934  -3.13918
1263  -3.13934  -3.13918
1264  -3.13934  -3.13918
1265  -3.13934  -3.13918
1266  -3.13934  -3.13918
1267  -3.13934  -3.13918
1268  -3.13934  -3.13918
1269  -3.13934  -3.13918
1270  -3.13934  -3.13918
1271  -3.13934  -3.13918
1272  -3.13934  -3.13918
1273  -3.13934  -3.13918
1274  -3.13934  -3.13918
1275  -3.13934  -3.13918
1276  -3.13934  -3.13918
1277  -3.13934  -3.13918
1278  -3.13934  -3.13918
1279  -3.13934  -3.13918
1280  -3.13934  -3.13918
1281  -3.13934  -3.13918
1282  -3.13934  -3.13918
1283  -3.13934  -3.13918
1284  -3.13934  -3.13918
1285  -3.13934  -3.13918
1286  -3.13934  -3.13918
1287  -3.13934  -3.13918
1288  -3.13934  -3.13918
1289  -3.13934  -3.13918
1290  -3.13934  -3.13918
1291  -3.13934  -3.13918
1292  -3.13934  -3.13918
1293  -3.13934  -3.13918
1294  -3.13934  -3.13918
1295  -3.13934  -3.13918
1296  -3.13934  -3.13918
1297  -3.13934  -3.13918
1298  -3.13934  -3.13918
1299  -3.13934  -3.13918
1300  -3.13934  -3.13918
1301  -3.13934  -3.13918
1302  -3.13934  -3.13918
1303  -3.13934  -3.13918
1304  -3.13934  -3.13918
1305  -3.13934  -3.13918
1306  -3.13934  -3.13918
1307  -3.13934  -3.13918
1308  -3.13934  -3.13918
1309  -3.13934  -3.13918
1310  -3.13934  -3.13918
1311  -3.13934  -3.13918
1312  -3.13934  -3.13918
1313  -3.13934  -3.13918
1314  -3.13934  -3.13918
1315  -3.13934  -3.13918
1316  -3.13934  -3.13918
1317  -3.13934  -3.13918
1318  -3.13934  -3.13918
1319  -3.13934  -3.13918
1320  -3.13934  -3.13918
1321  -3.13934  -3.13918
1322  -3.13934  -3.13918
1323  -3.13934  -3.13918
1324  -3.13934  -3.13918
1325  -3.13934  -3.13918
1326  -3.13934  -3.13918
1327  -3.13934  -3.13918
1328  -3.13934  -3.13918
1329  -3.13934  -3.13918
1330  -3.13934  -3.13918
1331  -3.13934  -3.13918
1332  -3.13934  -3.13918
1333  -3.13934  -3.13918
1334  -3.13934  -3.13918
1335  -3.13934  -3.13918
1336  -3.13934  -3.13918
1337  -3.13934  -3.13918
1338  -3.13934  -3.13918
1339  -3.13934  -3.13918
1340  -3.13934  -3.13918
1341  -3.13934  -3.13918
1342  -3.13934  -3.13918
1343  -3.13934  -3.13918
1344  -3.13934  -3.13918
1345  -3.13934  -3.13918
1346  -3.13934  -3.13918
1347  -3.13934  -3.13918
1348  -3.13934  -3.13918
1349  -3.13934  -3.13918
1350  -3.13934  -3.13918
1351  -3.13934  -3.13918
1352  -3.13934  -3.13918
1353  -3.13934  -3.13918
1354  -3.13934  -3.13918
1355  -3.13934  -3.13918
1356  -3.13934  -3.13918
1357  -3.13934  -3.13918
1358  -3.13934  -3.13918
1359  -3.13934  -3.13918
1360  -3.13934  -3.13918
1361  -3.13934  -3.13918
1362  -3.13934  -3.13918
1363  -3.13934  -3.13918
1364  -3.13934  -3.13918
1365  -3.13934  -3.13918
1366  -3.13934  -3.13918
1367  -3.13934  -3.13918
1368  -3.13934  -3.13918
1369  -3.13934  -3.13918
1370  -3.13934  -3.13918
