#tstp   Ax    Ay
-1  0  0
0  -4.71244e-31  -4.71244e-31
1  -5.81631e-31  -5.81631e-31
2  -7.17546e-31  -7.17546e-31
3  -8.84815e-31  -8.84815e-31
4  -1.09058e-30  -1.09058e-30
5  -1.34359e-30  -1.34359e-30
6  -1.65454e-30  -1.65454e-30
7  -2.03655e-30  -2.03655e-30
8  -2.50565e-30  -2.50565e-30
9  -3.08142e-30  -3.08142e-30
10  -3.78784e-30  -3.78784e-30
11  -4.65416e-30  -4.65416e-30
12  -5.71612e-30  -5.71612e-30
13  -7.01734e-30  -7.01734e-30
14  -8.61104e-30  -8.61104e-30
15  -1.05621e-29  -1.05621e-29
16  -1.29498e-29  -1.29498e-29
17  -1.58703e-29  -1.58703e-29
18  -1.94413e-29  -1.94413e-29
19  -2.38057e-29  -2.38057e-29
20  -2.91375e-29  -2.91375e-29
21  -3.56485e-29  -3.56485e-29
22  -4.35961e-29  -4.35961e-29
23  -5.32933e-29  -5.32933e-29
24  -6.51204e-29  -6.51204e-29
25  -7.95392e-29  -7.95392e-29
26  -9.71104e-29  -9.71104e-29
27  -1.18514e-28  -1.18514e-28
28  -1.44576e-28  -1.44576e-28
29  -1.76297e-28  -1.76297e-28
30  -2.1489e-28  -2.1489e-28
31  -2.61823e-28  -2.61823e-28
32  -3.18878e-28  -3.18878e-28
33  -3.88208e-28  -3.88208e-28
34  -4.72421e-28  -4.72421e-28
35  -5.74668e-28  -5.74668e-28
36  -6.98764e-28  -6.98764e-28
37  -8.49316e-28  -8.49316e-28
38  -1.03189e-27  -1.03189e-27
39  -1.25321e-27  -1.25321e-27
40  -1.52139e-27  -1.52139e-27
41  -1.84622e-27  -1.84622e-27
42  -2.23951e-27  -2.23951e-27
43  -2.7155e-27  -2.7155e-27
44  -3.29135e-27  -3.29135e-27
45  -3.98773e-27  -3.98773e-27
46  -4.82954e-27  -4.82954e-27
47  -5.84675e-27  -5.84675e-27
48  -7.07541e-27  -7.07541e-27
49  -8.55888e-27  -8.55888e-27
50  -1.03493e-26  -1.03493e-26
51  -1.25094e-26  -1.25094e-26
52  -1.51143e-26  -1.51143e-26
53  -1.82546e-26  -1.82546e-26
54  -2.20386e-26  -2.20386e-26
55  -2.65966e-26  -2.65966e-26
56  -3.20847e-26  -3.20847e-26
57  -3.86902e-26  -3.86902e-26
58  -4.66373e-26  -4.66373e-26
59  -5.61948e-26  -5.61948e-26
60  -6.76846e-26  -6.76846e-26
61  -8.14919e-26  -8.14919e-26
62  -9.80776e-26  -9.80776e-26
63  -1.17993e-25  -1.17993e-25
64  -1.41897e-25  -1.41897e-25
65  -1.70577e-25  -1.70577e-25
66  -2.04974e-25  -2.04974e-25
67  -2.46212e-25  -2.46212e-25
68  -2.95632e-25  -2.95632e-25
69  -3.54832e-25  -3.54832e-25
70  -4.25723e-25  -4.25723e-25
71  -5.10578e-25  -5.10578e-25
72  -6.12108e-25  -6.12108e-25
73  -7.33543e-25  -7.33543e-25
74  -8.78728e-25  -8.78728e-25
75  -1.05224e-24  -1.05224e-24
76  -1.25952e-24  -1.25952e-24
77  -1.50705e-24  -1.50705e-24
78  -1.80252e-24  -1.80252e-24
79  -2.15509e-24  -2.15509e-24
80  -2.57562e-24  -2.57562e-24
81  -3.077e-24  -3.077e-24
82  -3.67456e-24  -3.67456e-24
83  -4.38645e-24  -4.38645e-24
84  -5.23423e-24  -5.23423e-24
85  -6.24341e-24  -6.24341e-24
86  -7.44427e-24  -7.44427e-24
87  -8.87263e-24  -8.87263e-24
88  -1.05709e-23  -1.05709e-23
89  -1.25894e-23  -1.25894e-23
90  -1.49873e-23  -1.49873e-23
91  -1.78351e-23  -1.78351e-23
92  -2.12156e-23  -2.12156e-23
93  -2.52269e-23  -2.52269e-23
94  -2.99849e-23  -2.99849e-23
95  -3.56262e-23  -3.56262e-23
96  -4.23123e-23  -4.23123e-23
97  -5.02333e-23  -5.02333e-23
98  -5.96135e-23  -5.96135e-23
99  -7.07174e-23  -7.07174e-23
100  -8.38563e-23  -8.38563e-23
101  -9.93968e-23  -9.93968e-23
102  -1.17771e-22  -1.17771e-22
103  -1.39485e-22  -1.39485e-22
104  -1.65138e-22  -1.65138e-22
105  -1.9543e-22  -1.9543e-22
106  -2.31186e-22  -2.31186e-22
107  -2.73374e-22  -2.73374e-22
108  -3.23131e-22  -3.23131e-22
109  -3.8179e-22  -3.8179e-22
110  -4.50916e-22  -4.50916e-22
111  -5.32342e-22  -5.32342e-22
112  -6.28218e-22  -6.28218e-22
113  -7.41058e-22  -7.41058e-22
114  -8.73812e-22  -8.73812e-22
115  -1.02993e-21  -1.02993e-21
116  -1.21343e-21  -1.21343e-21
117  -1.42905e-21  -1.42905e-21
118  -1.68228e-21  -1.68228e-21
119  -1.97957e-21  -1.97957e-21
120  -2.32843e-21  -2.32843e-21
121  -2.73764e-21  -2.73764e-21
122  -3.21741e-21  -3.21741e-21
123  -3.77968e-21  -3.77968e-21
124  -4.43834e-21  -4.43834e-21
125  -5.20959e-21  -5.20959e-21
126  -6.11228e-21  -6.11228e-21
127  -7.16832e-21  -7.16832e-21
128  -8.40324e-21  -8.40324e-21
129  -9.84668e-21  -9.84668e-21
130  -1.15331e-20  -1.15331e-20
131  -1.35025e-20  -1.35025e-20
132  -1.58014e-20  -1.58014e-20
133  -1.84836e-20  -1.84836e-20
134  -2.16116e-20  -2.16116e-20
135  -2.52578e-20  -2.52578e-20
136  -2.95062e-20  -2.95062e-20
137  -3.44538e-20  -3.44538e-20
138  -4.02131e-20  -4.02131e-20
139  -4.6914e-20  -4.6914e-20
140  -5.47067e-20  -5.47067e-20
141  -6.37649e-20  -6.37649e-20
142  -7.42889e-20  -7.42889e-20
143  -8.651e-20  -8.651e-20
144  -1.00695e-19  -1.00695e-19
145  -1.17151e-19  -1.17151e-19
146  -1.36232e-19  -1.36232e-19
147  -1.58347e-19  -1.58347e-19
148  -1.83964e-19  -1.83964e-19
149  -2.13622e-19  -2.13622e-19
150  -2.47941e-19  -2.47941e-19
151  -2.87635e-19  -2.87635e-19
152  -3.33518e-19  -3.33518e-19
153  -3.86529e-19  -3.86529e-19
154  -4.47742e-19  -4.47742e-19
155  -5.18388e-19  -5.18388e-19
156  -5.99874e-19  -5.99874e-19
157  -6.93811e-19  -6.93811e-19
158  -8.02042e-19  -8.02042e-19
159  -9.2667e-19  -9.2667e-19
160  -1.0701e-18  -1.0701e-18
161  -1.23506e-18  -1.23506e-18
162  -1.42467e-18  -1.42467e-18
163  -1.6425e-18  -1.6425e-18
164  -1.89258e-18  -1.89258e-18
165  -2.1795e-18  -2.1795e-18
166  -2.50849e-18  -2.50849e-18
167  -2.88548e-18  -2.88548e-18
168  -3.31717e-18  -3.31717e-18
169  -3.81117e-18  -3.81117e-18
170  -4.3761e-18  -4.3761e-18
171  -5.02168e-18  -5.02168e-18
172  -5.75891e-18  -5.75891e-18
173  -6.60019e-18  -6.60019e-18
174  -7.55947e-18  -7.55947e-18
175  -8.6525e-18  -8.6525e-18
176  -9.89693e-18  -9.89693e-18
177  -1.13126e-17  -1.13126e-17
178  -1.29218e-17  -1.29218e-17
179  -1.47493e-17  -1.47493e-17
180  -1.68232e-17  -1.68232e-17
181  -1.91743e-17  -1.91743e-17
182  -2.18373e-17  -2.18373e-17
183  -2.48509e-17  -2.48509e-17
184  -2.82576e-17  -2.82576e-17
185  -3.2105e-17  -3.2105e-17
186  -3.64453e-17  -3.64453e-17
187  -4.13365e-17  -4.13365e-17
188  -4.68421e-17  -4.68421e-17
189  -5.30319e-17  -5.30319e-17
190  -5.99823e-17  -5.99823e-17
191  -6.77767e-17  -6.77767e-17
192  -7.65054e-17  -7.65054e-17
193  -8.62666e-17  -8.62666e-17
194  -9.71658e-17  -9.71658e-17
195  -1.09316e-16  -1.09316e-16
196  -1.22839e-16  -1.22839e-16
197  -1.37861e-16  -1.37861e-16
198  -1.54517e-16  -1.54517e-16
199  -1.72947e-16  -1.72947e-16
200  -1.93294e-16  -1.93294e-16
201  -2.15704e-16  -2.15704e-16
202  -2.40323e-16  -2.40323e-16
203  -2.67292e-16  -2.67292e-16
204  -2.96744e-16  -2.96744e-16
205  -3.28799e-16  -3.28799e-16
206  -3.63554e-16  -3.63554e-16
207  -4.01079e-16  -4.01079e-16
208  -4.41401e-16  -4.41401e-16
209  -4.84494e-16  -4.84494e-16
210  -5.30263e-16  -5.30263e-16
211  -5.78523e-16  -5.78523e-16
212  -6.28973e-16  -6.28973e-16
213  -6.81172e-16  -6.81172e-16
214  -7.34501e-16  -7.34501e-16
215  -7.8812e-16  -7.8812e-16
216  -8.40924e-16  -8.40924e-16
217  -8.91477e-16  -8.91477e-16
218  -9.37946e-16  -9.37946e-16
219  -9.78015e-16  -9.78015e-16
220  -1.00879e-15  -1.00879e-15
221  -1.02667e-15  -1.02667e-15
222  -1.02724e-15  -1.02724e-15
223  -1.00507e-15  -1.00507e-15
224  -9.53535e-16  -9.53535e-16
225  -8.64618e-16  -8.64618e-16
226  -7.28619e-16  -7.28619e-16
227  -5.33859e-16  -5.33859e-16
228  -2.66321e-16  -2.66321e-16
229  9.07669e-17  9.07669e-17
230  5.57421e-16  5.57421e-16
231  1.15746e-15  1.15746e-15
232  1.91919e-15  1.91919e-15
233  2.87613e-15  2.87613e-15
234  4.06793e-15  4.06793e-15
235  5.54139e-15  5.54139e-15
236  7.35166e-15  7.35166e-15
237  9.56361e-15  9.56361e-15
238  1.22534e-14  1.22534e-14
239  1.55105e-14  1.55105e-14
240  1.94394e-14  1.94394e-14
241  2.41625e-14  2.41625e-14
242  2.98227e-14  2.98227e-14
243  3.65869e-14  3.65869e-14
244  4.46491e-14  4.46491e-14
245  5.42355e-14  5.42355e-14
246  6.56088e-14  6.56088e-14
247  7.90744e-14  7.90744e-14
248  9.49863e-14  9.49863e-14
249  1.13755e-13  1.13755e-13
250  1.35855e-13  1.35855e-13
251  1.61837e-13  1.61837e-13
252  1.92336e-13  1.92336e-13
253  2.28085e-13  2.28085e-13
254  2.69931e-13  2.69931e-13
255  3.1885e-13  3.1885e-13
256  3.75966e-13  3.75966e-13
257  4.42572e-13  4.42572e-13
258  5.20156e-13  5.20156e-13
259  6.1043e-13  6.1043e-13
260  7.15355e-13  7.15355e-13
261  8.37186e-13  8.37186e-13
262  9.78507e-13  9.78507e-13
263  1.14228e-12  1.14228e-12
264  1.33189e-12  1.33189e-12
265  1.55123e-12  1.55123e-12
266  1.80473e-12  1.80473e-12
267  2.09747e-12  2.09747e-12
268  2.43523e-12  2.43523e-12
269  2.82463e-12  2.82463e-12
270  3.27322e-12  3.27322e-12
271  3.7896e-12  3.7896e-12
272  4.38356e-12  4.38356e-12
273  5.06627e-12  5.06627e-12
274  5.85042e-12  5.85042e-12
275  6.75045e-12  6.75045e-12
276  7.78278e-12  7.78278e-12
277  8.96606e-12  8.96606e-12
278  1.03215e-11  1.03215e-11
279  1.1873e-11  1.1873e-11
280  1.3648e-11  1.3648e-11
281  1.56772e-11  1.56772e-11
282  1.79958e-11  1.79958e-11
283  2.06433e-11  2.06433e-11
284  2.36645e-11  2.36645e-11
285  2.71102e-11  2.71102e-11
286  3.10378e-11  3.10378e-11
287  3.5512e-11  3.5512e-11
288  4.0606e-11  4.0606e-11
289  4.64025e-11  4.64025e-11
290  5.29946e-11  5.29946e-11
291  6.04873e-11  6.04873e-11
292  6.89993e-11  6.89993e-11
293  7.86638e-11  7.86638e-11
294  8.96312e-11  8.96312e-11
295  1.0207e-10  1.0207e-10
296  1.16172e-10  1.16172e-10
297  1.32149e-10  1.32149e-10
298  1.50243e-10  1.50243e-10
299  1.70722e-10  1.70722e-10
300  1.93891e-10  1.93891e-10
301  2.20089e-10  2.20089e-10
302  2.49698e-10  2.49698e-10
303  2.83144e-10  2.83144e-10
304  3.20908e-10  3.20908e-10
305  3.63526e-10  3.63526e-10
306  4.11599e-10  4.11599e-10
307  4.65798e-10  4.65798e-10
308  5.26876e-10  5.26876e-10
309  5.95674e-10  5.95674e-10
310  6.73131e-10  6.73131e-10
311  7.60296e-10  7.60296e-10
312  8.5834e-10  8.5834e-10
313  9.68571e-10  9.68571e-10
314  1.09245e-09  1.09245e-09
315  1.23159e-09  1.23159e-09
316  1.38782e-09  1.38782e-09
317  1.56315e-09  1.56315e-09
318  1.75982e-09  1.75982e-09
319  1.98034e-09  1.98034e-09
320  2.22749e-09  2.22749e-09
321  2.50437e-09  2.50437e-09
322  2.8144e-09  2.8144e-09
323  3.1614e-09  3.1614e-09
324  3.54963e-09  3.54963e-09
325  3.98378e-09  3.98378e-09
326  4.46908e-09  4.46908e-09
327  5.01131e-09  5.01131e-09
328  5.6169e-09  5.6169e-09
329  6.29296e-09  6.29296e-09
330  7.04737e-09  7.04737e-09
331  7.88884e-09  7.88884e-09
332  8.82702e-09  8.82702e-09
333  9.87259e-09  9.87259e-09
334  1.10373e-08  1.10373e-08
335  1.23343e-08  1.23343e-08
336  1.37779e-08  1.37779e-08
337  1.5384e-08  1.5384e-08
338  1.71702e-08  1.71702e-08
339  1.91558e-08  1.91558e-08
340  2.13622e-08  2.13622e-08
341  2.38129e-08  2.38129e-08
342  2.65338e-08  2.65338e-08
343  2.95534e-08  2.95534e-08
344  3.29032e-08  3.29032e-08
345  3.66178e-08  3.66178e-08
346  4.07351e-08  4.07351e-08
347  4.5297e-08  4.5297e-08
348  5.03494e-08  5.03494e-08
349  5.59426e-08  5.59426e-08
350  6.21322e-08  6.21322e-08
351  6.89787e-08  6.89787e-08
352  7.6549e-08  7.6549e-08
353  8.4916e-08  8.4916e-08
354  9.41599e-08  9.41599e-08
355  1.04368e-07  1.04368e-07
356  1.15637e-07  1.15637e-07
357  1.28072e-07  1.28072e-07
358  1.41788e-07  1.41788e-07
359  1.5691e-07  1.5691e-07
360  1.73577e-07  1.73577e-07
361  1.91938e-07  1.91938e-07
362  2.12157e-07  2.12157e-07
363  2.34413e-07  2.34413e-07
364  2.58903e-07  2.58903e-07
365  2.85838e-07  2.85838e-07
366  3.15451e-07  3.15451e-07
367  3.47996e-07  3.47996e-07
368  3.83748e-07  3.83748e-07
369  4.23008e-07  4.23008e-07
370  4.66101e-07  4.66101e-07
371  5.13384e-07  5.13384e-07
372  5.65242e-07  5.65242e-07
373  6.22095e-07  6.22095e-07
374  6.844e-07  6.844e-07
375  7.52651e-07  7.52651e-07
376  8.27386e-07  8.27386e-07
377  9.09188e-07  9.09188e-07
378  9.98688e-07  9.98688e-07
379  1.09657e-06  1.09657e-06
380  1.20358e-06  1.20358e-06
381  1.32052e-06  1.32052e-06
382  1.44826e-06  1.44826e-06
383  1.58773e-06  1.58773e-06
384  1.73996e-06  1.73996e-06
385  1.90605e-06  1.90605e-06
386  2.08718e-06  2.08718e-06
387  2.28463e-06  2.28463e-06
388  2.4998e-06  2.4998e-06
389  2.73416e-06  2.73416e-06
390  2.98933e-06  2.98933e-06
391  3.26705e-06  3.26705e-06
392  3.56918e-06  3.56918e-06
393  3.89774e-06  3.89774e-06
394  4.25488e-06  4.25488e-06
395  4.64294e-06  4.64294e-06
396  5.06443e-06  5.06443e-06
397  5.52202e-06  5.52202e-06
398  6.01861e-06  6.01861e-06
399  6.5573e-06  6.5573e-06
400  7.14142e-06  7.14142e-06
401  7.77453e-06  7.77453e-06
402  8.46047e-06  8.46047e-06
403  9.20332e-06  9.20332e-06
404  1.00075e-05  1.00075e-05
405  1.08776e-05  1.08776e-05
406  1.18188e-05  1.18188e-05
407  1.28364e-05  1.28364e-05
408  1.39361e-05  1.39361e-05
409  1.51241e-05  1.51241e-05
410  1.64068e-05  1.64068e-05
411  1.77914e-05  1.77914e-05
412  1.92851e-05  1.92851e-05
413  2.0896e-05  2.0896e-05
414  2.26325e-05  2.26325e-05
415  2.45036e-05  2.45036e-05
416  2.65188e-05  2.65188e-05
417  2.86883e-05  2.86883e-05
418  3.1023e-05  3.1023e-05
419  3.35342e-05  3.35342e-05
420  3.62342e-05  3.62342e-05
421  3.91358e-05  3.91358e-05
422  4.22529e-05  4.22529e-05
423  4.55998e-05  4.55998e-05
424  4.9192e-05  4.9192e-05
425  5.30457e-05  5.30457e-05
426  5.71781e-05  5.71781e-05
427  6.16074e-05  6.16074e-05
428  6.63527e-05  6.63527e-05
429  7.14343e-05  7.14343e-05
430  7.68737e-05  7.68737e-05
431  8.26932e-05  8.26932e-05
432  8.89166e-05  8.89166e-05
433  9.55689e-05  9.55689e-05
434  0.000102676  0.000102676
435  0.000110266  0.000110266
436  0.000118368  0.000118368
437  0.000127012  0.000127012
438  0.00013623  0.00013623
439  0.000146055  0.000146055
440  0.000156523  0.000156523
441  0.00016767  0.00016767
442  0.000179534  0.000179534
443  0.000192155  0.000192155
444  0.000205575  0.000205575
445  0.000219837  0.000219837
446  0.000234987  0.000234987
447  0.000251071  0.000251071
448  0.000268139  0.000268139
449  0.000286242  0.000286242
450  0.000305431  0.000305431
451  0.000325762  0.000325762
452  0.000347291  0.000347291
453  0.000370077  0.000370077
454  0.00039418  0.00039418
455  0.000419662  0.000419662
456  0.000446587  0.000446587
457  0.000475021  0.000475021
458  0.000505031  0.000505031
459  0.000536687  0.000536687
460  0.00057006  0.00057006
461  0.000605223  0.000605223
462  0.000642248  0.000642248
463  0.000681212  0.000681212
464  0.000722191  0.000722191
465  0.000765262  0.000765262
466  0.000810504  0.000810504
467  0.000857995  0.000857995
468  0.000907816  0.000907816
469  0.000960046  0.000960046
470  0.00101476  0.00101476
471  0.00107205  0.00107205
472  0.00113198  0.00113198
473  0.00119464  0.00119464
474  0.00126009  0.00126009
475  0.00132842  0.00132842
476  0.0013997  0.0013997
477  0.00147399  0.00147399
478  0.00155137  0.00155137
479  0.00163189  0.00163189
480  0.00171561  0.00171561
481  0.00180258  0.00180258
482  0.00189286  0.00189286
483  0.00198648  0.00198648
484  0.00208347  0.00208347
485  0.00218386  0.00218386
486  0.00228766  0.00228766
487  0.00239488  0.00239488
488  0.00250551  0.00250551
489  0.00261954  0.00261954
490  0.00273692  0.00273692
491  0.00285762  0.00285762
492  0.00298157  0.00298157
493  0.00310869  0.00310869
494  0.00323889  0.00323889
495  0.00337203  0.00337203
496  0.00350799  0.00350799
497  0.00364659  0.00364659
498  0.00378764  0.00378764
499  0.00393093  0.00393093
500  0.00407621  0.00407621
501  0.00422321  0.00422321
502  0.0043716  0.0043716
503  0.00452104  0.00452104
504  0.00467115  0.00467115
505  0.0048215  0.0048215
506  0.00497163  0.00497163
507  0.00512102  0.00512102
508  0.00526911  0.00526911
509  0.0054153  0.0054153
510  0.00555891  0.00555891
511  0.00569923  0.00569923
512  0.00583547  0.00583547
513  0.0059668  0.0059668
514  0.00609232  0.00609232
515  0.00621104  0.00621104
516  0.00632191  0.00632191
517  0.00642382  0.00642382
518  0.00651557  0.00651557
519  0.00659586  0.00659586
520  0.00666334  0.00666334
521  0.00671654  0.00671654
522  0.00675391  0.00675391
523  0.00677381  0.00677381
524  0.00677447  0.00677447
525  0.00675406  0.00675406
526  0.00671059  0.00671059
527  0.00664201  0.00664201
528  0.00654611  0.00654611
529  0.00642059  0.00642059
530  0.006263  0.006263
531  0.00607078  0.00607078
532  0.00584124  0.00584124
533  0.00557153  0.00557153
534  0.00525869  0.00525869
535  0.0048996  0.0048996
536  0.00449099  0.00449099
537  0.00402944  0.00402944
538  0.00351138  0.00351138
539  0.00293309  0.00293309
540  0.00229067  0.00229067
541  0.00158007  0.00158007
542  0.000797045  0.000797045
543  -6.27828e-05  -6.27828e-05
544  -0.00100399  -0.00100399
545  -0.00203132  -0.00203132
546  -0.00314971  -0.00314971
547  -0.00436426  -0.00436426
548  -0.00568025  -0.00568025
549  -0.00710317  -0.00710317
550  -0.00863867  -0.00863867
551  -0.0102926  -0.0102926
552  -0.012071  -0.012071
553  -0.0139801  -0.0139801
554  -0.0160263  -0.0160263
555  -0.0182162  -0.0182162
556  -0.0205566  -0.0205566
557  -0.0230545  -0.0230545
558  -0.025717  -0.025717
559  -0.0285515  -0.0285515
560  -0.0315655  -0.0315655
561  -0.0347667  -0.0347667
562  -0.0381629  -0.0381629
563  -0.0417623  -0.0417623
564  -0.0455731  -0.0455731
565  -0.0496035  -0.0496035
566  -0.0538622  -0.0538622
567  -0.0583578  -0.0583578
568  -0.0630992  -0.0630992
569  -0.0680953  -0.0680953
570  -0.0733552  -0.0733552
571  -0.0788882  -0.0788882
572  -0.0847035  -0.0847035
573  -0.0908105  -0.0908105
574  -0.0972188  -0.0972188
575  -0.103938  -0.103938
576  -0.110978  -0.110978
577  -0.118348  -0.118348
578  -0.126058  -0.126058
579  -0.134118  -0.134118
580  -0.142537  -0.142537
581  -0.151326  -0.151326
582  -0.160495  -0.160495
583  -0.170052  -0.170052
584  -0.180008  -0.180008
585  -0.190372  -0.190372
586  -0.201155  -0.201155
587  -0.212365  -0.212365
588  -0.224012  -0.224012
589  -0.236105  -0.236105
590  -0.248653  -0.248653
591  -0.261665  -0.261665
592  -0.27515  -0.27515
593  -0.289116  -0.289116
594  -0.303572  -0.303572
595  -0.318525  -0.318525
596  -0.333983  -0.333983
597  -0.349953  -0.349953
598  -0.366444  -0.366444
599  -0.38346  -0.38346
600  -0.401009  -0.401009
601  -0.419097  -0.419097
602  -0.437728  -0.437728
603  -0.456909  -0.456909
604  -0.476643  -0.476643
605  -0.496935  -0.496935
606  -0.517788  -0.517788
607  -0.539206  -0.539206
608  -0.56119  -0.56119
609  -0.583743  -0.583743
610  -0.606867  -0.606867
611  -0.63056  -0.63056
612  -0.654825  -0.654825
613  -0.679659  -0.679659
614  -0.705063  -0.705063
615  -0.731032  -0.731032
616  -0.757566  -0.757566
617  -0.78466  -0.78466
618  -0.812311  -0.812311
619  -0.840512  -0.840512
620  -0.869259  -0.869259
621  -0.898544  -0.898544
622  -0.928361  -0.928361
623  -0.9587  -0.9587
624  -0.989553  -0.989553
625  -1.02091  -1.02091
626  -1.05276  -1.05276
627  -1.08509  -1.08509
628  -1.11789  -1.11789
629  -1.15115  -1.15115
630  -1.18485  -1.18485
631  -1.21897  -1.21897
632  -1.2535  -1.2535
633  -1.28843  -1.28843
634  -1.32373  -1.32373
635  -1.35939  -1.35939
636  -1.39539  -1.39539
637  -1.4317  -1.4317
638  -1.46831  -1.46831
639  -1.5052  -1.5052
640  -1.54234  -1.54234
641  -1.5797  -1.5797
642  -1.61727  -1.61727
643  -1.65502  -1.65502
644  -1.69292  -1.69292
645  -1.73095  -1.73095
646  -1.76908  -1.76908
647  -1.80729  -1.80729
648  -1.84553  -1.84553
649  -1.8838  -1.8838
650  -1.92205  -1.92205
651  -1.96025  -1.96025
652  -1.99838  -1.99838
653  -2.03641  -2.03641
654  -2.0743  -2.0743
655  -2.11202  -2.11202
656  -2.14954  -2.14954
657  -2.18683  -2.18683
658  -2.22386  -2.22386
659  -2.26059  -2.26059
660  -2.29699  -2.29699
661  -2.33303  -2.33303
662  -2.36867  -2.36867
663  -2.40389  -2.40389
664  -2.43864  -2.43864
665  -2.4729  -2.4729
666  -2.50664  -2.50664
667  -2.53981  -2.53981
668  -2.5724  -2.5724
669  -2.60436  -2.60436
670  -2.63567  -2.63567
671  -2.66629  -2.66629
672  -2.6962  -2.6962
673  -2.72536  -2.72536
674  -2.75374  -2.75374
675  -2.78132  -2.78132
676  -2.80807  -2.80807
677  -2.83395  -2.83395
678  -2.85895  -2.85895
679  -2.88303  -2.88303
680  -2.90618  -2.90618
681  -2.92836  -2.92836
682  -2.94955  -2.94955
683  -2.96973  -2.96973
684  -2.98887  -2.98887
685  -3.00697  -3.00697
686  -3.02399  -3.02399
687  -3.03992  -3.03992
688  -3.05475  -3.05475
689  -3.06844  -3.06844
690  -3.081  -3.081
691  -3.09241  -3.09241
692  -3.10265  -3.10265
693  -3.11171  -3.11171
694  -3.11958  -3.11958
695  -3.12626  -3.12626
696  -3.13174  -3.13174
697  -3.136  -3.136
698  -3.13905  -3.13905
699  -3.14089  -3.14089
700  -3.1415  -3.1415
701  -3.1415  -3.1415
702  -3.1415  -3.1415
703  -3.1415  -3.1415
704  -3.1415  -3.1415
705  -3.1415  -3.1415
706  -3.1415  -3.1415
707  -3.1415  -3.1415
708  -3.1415  -3.1415
709  -3.1415  -3.1415
710  -3.1415  -3.1415
711  -3.1415  -3.1415
712  -3.1415  -3.1415
713  -3.1415  -3.1415
714  -3.1415  -3.1415
715  -3.1415  -3.1415
716  -3.1415  -3.1415
717  -3.1415  -3.1415
718  -3.1415  -3.1415
719  -3.1415  -3.1415
720  -3.1415  -3.1415
721  -3.1415  -3.1415
722  -3.1415  -3.1415
723  -3.1415  -3.1415
724  -3.1415  -3.1415
725  -3.1415  -3.1415
726  -3.1415  -3.1415
727  -3.1415  -3.1415
728  -3.1415  -3.1415
729  -3.1415  -3.1415
730  -3.1415  -3.1415
731  -3.1415  -3.1415
732  -3.1415  -3.1415
733  -3.1415  -3.1415
734  -3.1415  -3.1415
735  -3.1415  -3.1415
736  -3.1415  -3.1415
737  -3.1415  -3.1415
738  -3.1415  -3.1415
739  -3.1415  -3.1415
740  -3.1415  -3.1415
741  -3.1415  -3.1415
742  -3.1415  -3.1415
743  -3.1415  -3.1415
744  -3.1415  -3.1415
745  -3.1415  -3.1415
746  -3.1415  -3.1415
747  -3.1415  -3.1415
748  -3.1415  -3.1415
749  -3.1415  -3.1415
750  -3.1415  -3.1415
751  -3.1415  -3.1415
752  -3.1415  -3.1415
753  -3.1415  -3.1415
754  -3.1415  -3.1415
755  -3.1415  -3.1415
756  -3.1415  -3.1415
757  -3.1415  -3.1415
758  -3.1415  -3.1415
759  -3.1415  -3.1415
760  -3.1415  -3.1415
761  -3.1415  -3.1415
762  -3.1415  -3.1415
763  -3.1415  -3.1415
764  -3.1415  -3.1415
765  -3.1415  -3.1415
766  -3.1415  -3.1415
767  -3.1415  -3.1415
768  -3.1415  -3.1415
769  -3.1415  -3.1415
770  -3.1415  -3.1415
771  -3.1415  -3.1415
772  -3.1415  -3.1415
773  -3.1415  -3.1415
774  -3.1415  -3.1415
775  -3.1415  -3.1415
776  -3.1415  -3.1415
777  -3.1415  -3.1415
778  -3.1415  -3.1415
779  -3.1415  -3.1415
780  -3.1415  -3.1415
781  -3.1415  -3.1415
782  -3.1415  -3.1415
783  -3.1415  -3.1415
784  -3.1415  -3.1415
785  -3.1415  -3.1415
786  -3.1415  -3.1415
787  -3.1415  -3.1415
788  -3.1415  -3.1415
789  -3.1415  -3.1415
790  -3.1415  -3.1415
791  -3.1415  -3.1415
792  -3.1415  -3.1415
793  -3.1415  -3.1415
794  -3.1415  -3.1415
795  -3.1415  -3.1415
796  -3.1415  -3.1415
797  -3.1415  -3.1415
798  -3.1415  -3.1415
799  -3.1415  -3.1415
800  -3.1415  -3.1415
801  -3.1415  -3.1415
802  -3.1415  -3.1415
803  -3.1415  -3.1415
804  -3.1415  -3.1415
805  -3.1415  -3.1415
806  -3.1415  -3.1415
807  -3.1415  -3.1415
808  -3.1415  -3.1415
809  -3.1415  -3.1415
810  -3.1415  -3.1415
811  -3.1415  -3.1415
812  -3.1415  -3.1415
813  -3.1415  -3.1415
814  -3.1415  -3.1415
815  -3.1415  -3.1415
816  -3.1415  -3.1415
817  -3.1415  -3.1415
818  -3.1415  -3.1415
819  -3.1415  -3.1415
820  -3.1415  -3.1415
821  -3.1415  -3.1415
822  -3.1415  -3.1415
823  -3.1415  -3.1415
824  -3.1415  -3.1415
825  -3.1415  -3.1415
826  -3.1415  -3.1415
827  -3.1415  -3.1415
828  -3.1415  -3.1415
829  -3.1415  -3.1415
830  -3.1415  -3.1415
831  -3.1415  -3.1415
832  -3.1415  -3.1415
833  -3.1415  -3.1415
834  -3.1415  -3.1415
835  -3.1415  -3.1415
836  -3.1415  -3.1415
837  -3.1415  -3.1415
838  -3.1415  -3.1415
839  -3.1415  -3.1415
840  -3.1415  -3.1415
841  -3.1415  -3.1415
842  -3.1415  -3.1415
843  -3.1415  -3.1415
844  -3.1415  -3.1415
845  -3.1415  -3.1415
846  -3.1415  -3.1415
847  -3.1415  -3.1415
848  -3.1415  -3.1415
849  -3.1415  -3.1415
850  -3.1415  -3.1415
851  -3.1415  -3.1415
852  -3.1415  -3.1415
853  -3.1415  -3.1415
854  -3.1415  -3.1415
855  -3.1415  -3.1415
856  -3.1415  -3.1415
857  -3.1415  -3.1415
858  -3.1415  -3.1415
859  -3.1415  -3.1415
860  -3.1415  -3.1415
861  -3.1415  -3.1415
862  -3.1415  -3.1415
863  -3.1415  -3.1415
864  -3.1415  -3.1415
865  -3.1415  -3.1415
866  -3.1415  -3.1415
867  -3.1415  -3.1415
868  -3.1415  -3.1415
869  -3.1415  -3.1415
870  -3.1415  -3.1415
871  -3.1415  -3.1415
872  -3.1415  -3.1415
873  -3.1415  -3.1415
874  -3.1415  -3.1415
875  -3.1415  -3.1415
876  -3.1415  -3.1415
877  -3.1415  -3.1415
878  -3.1415  -3.1415
879  -3.1415  -3.1415
880  -3.1415  -3.1415
881  -3.1415  -3.1415
882  -3.1415  -3.1415
883  -3.1415  -3.1415
884  -3.1415  -3.1415
885  -3.1415  -3.1415
886  -3.1415  -3.1415
887  -3.1415  -3.1415
888  -3.1415  -3.1415
889  -3.1415  -3.1415
890  -3.1415  -3.1415
891  -3.1415  -3.1415
892  -3.1415  -3.1415
893  -3.1415  -3.1415
894  -3.1415  -3.1415
895  -3.1415  -3.1415
896  -3.1415  -3.1415
897  -3.1415  -3.1415
898  -3.1415  -3.1415
899  -3.1415  -3.1415
900  -3.1415  -3.1415
901  -3.1415  -3.1415
902  -3.1415  -3.1415
903  -3.1415  -3.1415
904  -3.1415  -3.1415
905  -3.1415  -3.1415
906  -3.1415  -3.1415
907  -3.1415  -3.1415
908  -3.1415  -3.1415
909  -3.1415  -3.1415
910  -3.1415  -3.1415
911  -3.1415  -3.1415
912  -3.1415  -3.1415
913  -3.1415  -3.1415
914  -3.1415  -3.1415
915  -3.1415  -3.1415
916  -3.1415  -3.1415
917  -3.1415  -3.1415
918  -3.1415  -3.1415
919  -3.1415  -3.1415
920  -3.1415  -3.1415
921  -3.1415  -3.1415
922  -3.1415  -3.1415
923  -3.1415  -3.1415
924  -3.1415  -3.1415
925  -3.1415  -3.1415
926  -3.1415  -3.1415
927  -3.1415  -3.1415
928  -3.1415  -3.1415
929  -3.1415  -3.1415
930  -3.1415  -3.1415
931  -3.1415  -3.1415
932  -3.1415  -3.1415
933  -3.1415  -3.1415
934  -3.1415  -3.1415
935  -3.1415  -3.1415
936  -3.1415  -3.1415
937  -3.1415  -3.1415
938  -3.1415  -3.1415
939  -3.1415  -3.1415
940  -3.1415  -3.1415
941  -3.1415  -3.1415
942  -3.1415  -3.1415
943  -3.1415  -3.1415
944  -3.1415  -3.1415
945  -3.1415  -3.1415
946  -3.1415  -3.1415
947  -3.1415  -3.1415
948  -3.1415  -3.1415
949  -3.1415  -3.1415
950  -3.1415  -3.1415
951  -3.1415  -3.1415
952  -3.1415  -3.1415
953  -3.1415  -3.1415
954  -3.1415  -3.1415
955  -3.1415  -3.1415
956  -3.1415  -3.1415
957  -3.1415  -3.1415
958  -3.1415  -3.1415
959  -3.1415  -3.1415
960  -3.1415  -3.1415
961  -3.1415  -3.1415
962  -3.1415  -3.1415
963  -3.1415  -3.1415
964  -3.1415  -3.1415
965  -3.1415  -3.1415
966  -3.1415  -3.1415
967  -3.1415  -3.1415
968  -3.1415  -3.1415
969  -3.1415  -3.1415
970  -3.1415  -3.1415
971  -3.1415  -3.1415
972  -3.1415  -3.1415
973  -3.1415  -3.1415
974  -3.1415  -3.1415
975  -3.1415  -3.1415
976  -3.1415  -3.1415
977  -3.1415  -3.1415
978  -3.1415  -3.1415
979  -3.1415  -3.1415
980  -3.1415  -3.1415
981  -3.1415  -3.1415
982  -3.1415  -3.1415
983  -3.1415  -3.1415
984  -3.1415  -3.1415
985  -3.1415  -3.1415
986  -3.1415  -3.1415
987  -3.1415  -3.1415
988  -3.1415  -3.1415
989  -3.1415  -3.1415
990  -3.1415  -3.1415
991  -3.1415  -3.1415
992  -3.1415  -3.1415
993  -3.1415  -3.1415
994  -3.1415  -3.1415
995  -3.1415  -3.1415
996  -3.1415  -3.1415
997  -3.1415  -3.1415
998  -3.1415  -3.1415
999  -3.1415  -3.1415
1000  -3.1415  -3.1415
1001  -3.1415  -3.1415
1002  -3.1415  -3.1415
1003  -3.1415  -3.1415
1004  -3.1415  -3.1415
1005  -3.1415  -3.1415
1006  -3.1415  -3.1415
1007  -3.1415  -3.1415
1008  -3.1415  -3.1415
1009  -3.1415  -3.1415
1010  -3.1415  -3.1415
1011  -3.1415  -3.1415
1012  -3.1415  -3.1415
1013  -3.1415  -3.1415
1014  -3.1415  -3.1415
1015  -3.1415  -3.1415
1016  -3.1415  -3.1415
1017  -3.1415  -3.1415
1018  -3.1415  -3.1415
1019  -3.1415  -3.1415
1020  -3.1415  -3.1415
1021  -3.1415  -3.1415
1022  -3.1415  -3.1415
1023  -3.1415  -3.1415
1024  -3.1415  -3.1415
1025  -3.1415  -3.1415
1026  -3.1415  -3.1415
1027  -3.1415  -3.1415
1028  -3.1415  -3.1415
1029  -3.1415  -3.1415
1030  -3.1415  -3.1415
1031  -3.1415  -3.1415
1032  -3.1415  -3.1415
1033  -3.1415  -3.1415
1034  -3.1415  -3.1415
1035  -3.1415  -3.1415
1036  -3.1415  -3.1415
1037  -3.1415  -3.1415
1038  -3.1415  -3.1415
1039  -3.1415  -3.1415
1040  -3.1415  -3.1415
1041  -3.1415  -3.1415
1042  -3.1415  -3.1415
1043  -3.1415  -3.1415
1044  -3.1415  -3.1415
1045  -3.1415  -3.1415
1046  -3.1415  -3.1415
1047  -3.1415  -3.1415
1048  -3.1415  -3.1415
1049  -3.1415  -3.1415
1050  -3.1415  -3.1415
1051  -3.1415  -3.1415
1052  -3.1415  -3.1415
1053  -3.1415  -3.1415
1054  -3.1415  -3.1415
1055  -3.1415  -3.1415
1056  -3.1415  -3.1415
1057  -3.1415  -3.1415
1058  -3.1415  -3.1415
1059  -3.1415  -3.1415
1060  -3.1415  -3.1415
1061  -3.1415  -3.1415
1062  -3.1415  -3.1415
1063  -3.1415  -3.1415
1064  -3.1415  -3.1415
1065  -3.1415  -3.1415
1066  -3.1415  -3.1415
1067  -3.1415  -3.1415
1068  -3.1415  -3.1415
1069  -3.1415  -3.1415
1070  -3.1415  -3.1415
1071  -3.1415  -3.1415
1072  -3.1415  -3.1415
1073  -3.1415  -3.1415
1074  -3.1415  -3.1415
1075  -3.1415  -3.1415
1076  -3.1415  -3.1415
1077  -3.1415  -3.1415
1078  -3.1415  -3.1415
1079  -3.1415  -3.1415
1080  -3.1415  -3.1415
1081  -3.1415  -3.1415
1082  -3.1415  -3.1415
1083  -3.1415  -3.1415
1084  -3.1415  -3.1415
1085  -3.1415  -3.1415
1086  -3.1415  -3.1415
1087  -3.1415  -3.1415
1088  -3.1415  -3.1415
1089  -3.1415  -3.1415
1090  -3.1415  -3.1415
1091  -3.1415  -3.1415
1092  -3.1415  -3.1415
1093  -3.1415  -3.1415
1094  -3.1415  -3.1415
1095  -3.1415  -3.1415
1096  -3.1415  -3.1415
1097  -3.1415  -3.1415
1098  -3.1415  -3.1415
1099  -3.1415  -3.1415
1100  -3.1415  -3.1415
1101  -3.1415  -3.1415
1102  -3.1415  -3.1415
1103  -3.1415  -3.1415
1104  -3.1415  -3.1415
1105  -3.1415  -3.1415
1106  -3.1415  -3.1415
1107  -3.1415  -3.1415
1108  -3.1415  -3.1415
1109  -3.1415  -3.1415
1110  -3.1415  -3.1415
1111  -3.1415  -3.1415
1112  -3.1415  -3.1415
1113  -3.1415  -3.1415
1114  -3.1415  -3.1415
1115  -3.1415  -3.1415
1116  -3.1415  -3.1415
1117  -3.1415  -3.1415
1118  -3.1415  -3.1415
1119  -3.1415  -3.1415
1120  -3.1415  -3.1415
1121  -3.1415  -3.1415
1122  -3.1415  -3.1415
1123  -3.1415  -3.1415
1124  -3.1415  -3.1415
1125  -3.1415  -3.1415
1126  -3.1415  -3.1415
1127  -3.1415  -3.1415
1128  -3.1415  -3.1415
1129  -3.1415  -3.1415
1130  -3.1415  -3.1415
1131  -3.1415  -3.1415
1132  -3.1415  -3.1415
1133  -3.1415  -3.1415
1134  -3.1415  -3.1415
1135  -3.1415  -3.1415
1136  -3.1415  -3.1415
1137  -3.1415  -3.1415
1138  -3.1415  -3.1415
1139  -3.1415  -3.1415
1140  -3.1415  -3.1415
1141  -3.1415  -3.1415
1142  -3.1415  -3.1415
1143  -3.1415  -3.1415
1144  -3.1415  -3.1415
1145  -3.1415  -3.1415
1146  -3.1415  -3.1415
1147  -3.1415  -3.1415
1148  -3.1415  -3.1415
1149  -3.1415  -3.1415
1150  -3.1415  -3.1415
1151  -3.1415  -3.1415
1152  -3.1415  -3.1415
1153  -3.1415  -3.1415
1154  -3.1415  -3.1415
1155  -3.1415  -3.1415
1156  -3.1415  -3.1415
1157  -3.1415  -3.1415
1158  -3.1415  -3.1415
1159  -3.1415  -3.1415
1160  -3.1415  -3.1415
1161  -3.1415  -3.1415
1162  -3.1415  -3.1415
1163  -3.1415  -3.1415
1164  -3.1415  -3.1415
1165  -3.1415  -3.1415
1166  -3.1415  -3.1415
1167  -3.1415  -3.1415
1168  -3.1415  -3.1415
1169  -3.1415  -3.1415
1170  -3.1415  -3.1415
1171  -3.1415  -3.1415
1172  -3.1415  -3.1415
1173  -3.1415  -3.1415
1174  -3.1415  -3.1415
1175  -3.1415  -3.1415
1176  -3.1415  -3.1415
1177  -3.1415  -3.1415
1178  -3.1415  -3.1415
1179  -3.1415  -3.1415
1180  -3.1415  -3.1415
1181  -3.1415  -3.1415
1182  -3.1415  -3.1415
1183  -3.1415  -3.1415
1184  -3.1415  -3.1415
1185  -3.1415  -3.1415
1186  -3.1415  -3.1415
1187  -3.1415  -3.1415
1188  -3.1415  -3.1415
1189  -3.1415  -3.1415
1190  -3.1415  -3.1415
1191  -3.1415  -3.1415
1192  -3.1415  -3.1415
1193  -3.1415  -3.1415
1194  -3.1415  -3.1415
1195  -3.1415  -3.1415
1196  -3.1415  -3.1415
1197  -3.1415  -3.1415
1198  -3.1415  -3.1415
1199  -3.1415  -3.1415
1200  -3.1415  -3.1415
1201  -3.1415  -3.1415
1202  -3.1415  -3.1415
1203  -3.1415  -3.1415
1204  -3.1415  -3.1415
1205  -3.1415  -3.1415
1206  -3.1415  -3.1415
1207  -3.1415  -3.1415
1208  -3.1415  -3.1415
1209  -3.1415  -3.1415
1210  -3.1415  -3.1415
1211  -3.1415  -3.1415
1212  -3.1415  -3.1415
1213  -3.1415  -3.1415
1214  -3.1415  -3.1415
1215  -3.1415  -3.1415
1216  -3.1415  -3.1415
1217  -3.1415  -3.1415
1218  -3.1415  -3.1415
1219  -3.1415  -3.1415
1220  -3.1415  -3.1415
1221  -3.1415  -3.1415
1222  -3.1415  -3.1415
1223  -3.1415  -3.1415
1224  -3.1415  -3.1415
1225  -3.1415  -3.1415
1226  -3.1415  -3.1415
1227  -3.1415  -3.1415
1228  -3.1415  -3.1415
1229  -3.1415  -3.1415
1230  -3.1415  -3.1415
1231  -3.1415  -3.1415
1232  -3.1415  -3.1415
1233  -3.1415  -3.1415
1234  -3.1415  -3.1415
1235  -3.1415  -3.1415
1236  -3.1415  -3.1415
1237  -3.1415  -3.1415
1238  -3.1415  -3.1415
1239  -3.1415  -3.1415
1240  -3.1415  -3.1415
1241  -3.1415  -3.1415
1242  -3.1415  -3.1415
1243  -3.1415  -3.1415
1244  -3.1415  -3.1415
1245  -3.1415  -3.1415
1246  -3.1415  -3.1415
1247  -3.1415  -3.1415
1248  -3.1415  -3.1415
1249  -3.1415  -3.1415
1250  -3.1415  -3.1415
1251  -3.1415  -3.1415
1252  -3.1415  -3.1415
1253  -3.1415  -3.1415
1254  -3.1415  -3.1415
1255  -3.1415  -3.1415
1256  -3.1415  -3.1415
1257  -3.1415  -3.1415
1258  -3.1415  -3.1415
1259  -3.1415  -3.1415
1260  -3.1415  -3.1415
1261  -3.1415  -3.1415
1262  -3.1415  -3.1415
1263  -3.1415  -3.1415
1264  -3.1415  -3.1415
1265  -3.1415  -3.1415
1266  -3.1415  -3.1415
1267  -3.1415  -3.1415
1268  -3.1415  -3.1415
1269  -3.1415  -3.1415
1270  -3.1415  -3.1415
1271  -3.1415  -3.1415
1272  -3.1415  -3.1415
1273  -3.1415  -3.1415
1274  -3.1415  -3.1415
1275  -3.1415  -3.1415
1276  -3.1415  -3.1415
1277  -3.1415  -3.1415
1278  -3.1415  -3.1415
1279  -3.1415  -3.1415
1280  -3.1415  -3.1415
1281  -3.1415  -3.1415
1282  -3.1415  -3.1415
1283  -3.1415  -3.1415
1284  -3.1415  -3.1415
1285  -3.1415  -3.1415
1286  -3.1415  -3.1415
1287  -3.1415  -3.1415
1288  -3.1415  -3.1415
1289  -3.1415  -3.1415
1290  -3.1415  -3.1415
1291  -3.1415  -3.1415
1292  -3.1415  -3.1415
1293  -3.1415  -3.1415
1294  -3.1415  -3.1415
1295  -3.1415  -3.1415
1296  -3.1415  -3.1415
1297  -3.1415  -3.1415
1298  -3.1415  -3.1415
1299  -3.1415  -3.1415
1300  -3.1415  -3.1415
1301  -3.1415  -3.1415
1302  -3.1415  -3.1415
1303  -3.1415  -3.1415
1304  -3.1415  -3.1415
1305  -3.1415  -3.1415
1306  -3.1415  -3.1415
1307  -3.1415  -3.1415
1308  -3.1415  -3.1415
1309  -3.1415  -3.1415
1310  -3.1415  -3.1415
1311  -3.1415  -3.1415
1312  -3.1415  -3.1415
1313  -3.1415  -3.1415
1314  -3.1415  -3.1415
1315  -3.1415  -3.1415
1316  -3.1415  -3.1415
1317  -3.1415  -3.1415
1318  -3.1415  -3.1415
1319  -3.1415  -3.1415
1320  -3.1415  -3.1415
1321  -3.1415  -3.1415
1322  -3.1415  -3.1415
1323  -3.1415  -3.1415
1324  -3.1415  -3.1415
1325  -3.1415  -3.1415
1326  -3.1415  -3.1415
1327  -3.1415  -3.1415
1328  -3.1415  -3.1415
1329  -3.1415  -3.1415
1330  -3.1415  -3.1415
1331  -3.1415  -3.1415
1332  -3.1415  -3.1415
1333  -3.1415  -3.1415
1334  -3.1415  -3.1415
1335  -3.1415  -3.1415
1336  -3.1415  -3.1415
1337  -3.1415  -3.1415
1338  -3.1415  -3.1415
1339  -3.1415  -3.1415
1340  -3.1415  -3.1415
1341  -3.1415  -3.1415
1342  -3.1415  -3.1415
1343  -3.1415  -3.1415
1344  -3.1415  -3.1415
1345  -3.1415  -3.1415
1346  -3.1415  -3.1415
1347  -3.1415  -3.1415
1348  -3.1415  -3.1415
1349  -3.1415  -3.1415
1350  -3.1415  -3.1415
1351  -3.1415  -3.1415
1352  -3.1415  -3.1415
1353  -3.1415  -3.1415
1354  -3.1415  -3.1415
1355  -3.1415  -3.1415
1356  -3.1415  -3.1415
1357  -3.1415  -3.1415
1358  -3.1415  -3.1415
1359  -3.1415  -3.1415
1360  -3.1415  -3.1415
1361  -3.1415  -3.1415
1362  -3.1415  -3.1415
1363  -3.1415  -3.1415
1364  -3.1415  -3.1415
1365  -3.1415  -3.1415
1366  -3.1415  -3.1415
1367  -3.1415  -3.1415
1368  -3.1415  -3.1415
1369  -3.1415  -3.1415
1370  -3.1415  -3.1415
